8031
4669
26453
18664
975
28074
29716
6609
11996
2410
26466
5247
18503
2825
14888
20873
15452
19311
18491
18873
15307
10085
28374
19125
28084
14677
28487
7902
2049
24657
27112
27769
16888
14423
1361
4109
21776
26580
5580
30219
4
26214
22794
14260
16423
8422
6676
32568
13559
7846
20867
30491
25076
3063
5620
18653
17075
19951
28855
28378
25902
873
27335
23919
32350
5964
26111
18270
11532
18449
5770
372
24292
18559
12444
18793
3019
23993
7775
29703
15218
7803
21041
18062
2347
14241
2316
32600
6652
23017
4421
20921
14578
13561
27002
22825
3512
9124
19398
18341
8552
28009
31030
21330
9633
16700
22913
10084
12762
19850
17139
23614
27382
6519
32427
15066
18712
874
23814
20332
28600
2251
28251
3906
19447
15115
13289
5615
27951
1509
23821
15784
19407
10980
25785
5870
29286
5670
8993
878
15613
28767
10167
30757
8874
4640
28506
10951
15714
15450
19146
11874
1039
14878
2400
17214
27362
20390
15356
24073
24043
6809
9278
10800
18919
18315
9209
2960
10073
16579
16612
25422
15324
14914
4243
7171
1463
16129
8358
16669
1458
9081
12097
9602
23336
360
18364
23926
26206
8403
6043
4030
25875
29255
4032
25093
15704
32357
9695
1152
27298
28318
18995
8398
16670
4922
25967
12322
31556
2719
29432
31907
17839
28112
2897
21011
15660
9780
29398
8623
4881
20633
174
7511
19408
20856
29179
3567
19403
32378
32083
26885
9834
316
14964
27060
25451
22351
12851
12488
11898
4996
10934
12322
9474
17510
995
25951
13890
9223
14360
10164
18851
29952
21789
3356
8009
12467
343
10934
7912
27347
24894
13416
2265
3623
28945
16329
15725
22154
9928
11838
3713
11319
28746
611
20306
17475
25056
9388
5779
10859
10473
23372
26301
6160
5840
31061
12455
15488
22588
2337
25686
23159
11398
30194
1046
24294
12656
30933
28105
21746
5908
19660
20096
23360
20506
28203
29768
32368
4654
26947
29255
7399
15025
31806
19207
14290
27567
4170
5393
21863
29970
19962
19902
22638
24085
20712
20042
28929
8955
16032
5930
2704
31488
17593
26015
23336
14992
16965
18316
30708
9655
8300
8581
4868
18137
7763
23336
17997
7587
5187
9648
4081
14913
29191
4295
25537
6353
31893
24988
30208
20760
3825
24630
9066
28276
25167
3848
6773
1042
8568
197
10711
20833
19310
16501
22600
2759
10579
32713
10633
6802
23431
32683
13477
28209
16913
26394
28535
9124
17472
31797
21356
11057
15249
29589
16267
12633
1492
18912
15282
25866
651
23451
290
28182
32659
12096
27709
10212
22790
9617
15247
29798
20575
1067
16396
15178
24287
3678
25240
26997
1840
8252
8909
1197
27209
32752
29432
10133
9105
22866
5476
31199
12359
6072
24284
30909
26145
4622
619
9112
15667
15657
19046
24837
28947
22616
25260
12277
15675
18492
6189
31019
14510
5082
12713
5364
5343
14319
17850
22802
17358
17539
12821
17145
18804
30913
6157
4670
15457
20742
601
26444
14756
15160
6166
14937
20459
25945
272
16024
9707
23132
24381
1456
24578
24887
394
30574
2331
21049
13274
29110
723
22174
20556
9408
16602
18017
30141
32641
21403
6225
1935
16486
1567
6247
23208
32328
4910
22615
13245
15773
13752
3685
31440
26091
6260
22138
18423
11139
26823
2423
11616
16747
4327
7881
25234
26524
23872
19518
13557
10605
4375
22550
24981
24656
11885
20830
15395
20156
29990
8825
18237
26474
23914
12800
8686
5316
4428
1484
28281
5275
10665
7248
5714
15384
12883
28716
3950
14325
14703
23040
1724
7404
28188
17534
5108
23664
4694
26308
23183
29084
17433
30952
15382
23145
25033
5844
32672
12579
3537
17748
4759
31262
5515
19821
18106
31141
16224
25073
12648
9779
17456
17232
4123
2790
30707
21937
22067
11824
26017
23873
18421
20688
25168
21707
18131
6400
23452
4746
13037
32240
25932
12091
1497
1908
18995
25461
2719
13817
9299
20285
22280
9918
16457
24534
27161
18497
20453
18390
5082
13047
12312
15743
2652
31295
17939
29515
20473
2457
14253
32457
20190
25107
773
8616
19911
19461
14697
10513
8714
20734
24951
22331
17111
4606
17538
2873
8638
19942
11064
6934
27761
11308
19841
5155
7116
8147
31146
21904
29714
30363
14018
14650
23162
26741
26180
16068
9194
15161
10487
27881
16642
20123
2835
23824
27484
9308
15269
9505
14354
14525
21300
5016
13185
16185
28069
29144
27213
6003
7004
16577
934
3694
28068
9092
20681
16380
8785
27830
30153
11385
12964
420
3983
22200
18798
2023
31519
32318
25720
4408
8734
18862
9507
14725
28817
30085
5196
27460
22504
23303
23922
15879
827
25466
17691
9040
8403
15249
24179
21927
25836
23339
17463
15851
10681
13630
22737
17126
20649
9229
20933
14115
18665
26018
4683
22788
24362
15480
6461
6415
15012
2168
1588
6793
11099
27686
31215
8774
11681
21021
22004
26559
18140
26297
8057
31845
8073
23059
2436
15669
32385
32306
27218
653
2427
5503
8182
574
28371
25978
10306
6114
23690
25004
28650
26480
26765
732
7399
3597
20026
7814
22554
21797
9504
21129
23090
7099
29958
22816
16335
27133
19247
22803
26855
25372
13533
1583
26474
2394
17172
9715
16673
2149
31648
19596
2268
31203
23386
26116
4812
22606
19878
24502
18478
5122
15680
1541
24105
32404
8761
27213
29690
102
12604
25882
23630
19576
4118
2200
5615
1665
13173
5963
14243
3903
18928
21248
21330
27403
22600
14340
5222
30384
27374
30867
7543
24189
197
19603
26920
2969
4904
27011
12876
31639
24367
13998
10062
13898
21550
4516
27855
21979
19327
14058
13200
21784
28034
8945
26003
6159
26593
32581
11901
25308
22809
28679
25407
12991
5430
21917
3317
11634
10205
22184
6926
6841
14224
17974
174
7226
11822
14906
16720
6031
19129
26169
12464
1690
92
3653
27112
8728
18093
9775
16857
6777
16175
28921
14540
21232
21531
13450
12121
21190
13408
21925
25225
24819
20712
28700
29495
32239
16157
16193
31932
12230
9388
27294
32459
21611
4232
2790
7833
28238
25907
31531
833
7984
14393
19024
20840
17718
19197
24770
2588
28221
183
11875
20738
5486
30142
29895
23985
24338
7171
419
7257
18087
222
28034
16808
29491
8206
12986
21998
9688
26619
12447
31615
30377
21309
28406
29785
21436
15202
13741
11014
30336
18668
19657
17092
17233
9370
30879
29412
18250
19945
1607
12656
18523
15065
31822
28944
7067
9460
17323
30254
13791
10125
23796
1881
10891
4934
30162
31975
3240
6869
29363
29663
26167
15623
16574
10262
14789
4100
1036
14743
16960
20950
30229
24904
25865
25125
2152
22731
2634
2372
8096
31139
20362
12402
31379
22424
18559
28505
6604
23132
16931
4827
15164
6766
15370
270
15916
1343
3058
7813
886
3220
24476
6354
7669
25899
4314
14920
26426
6305
32746
11014
19584
28307
26626
17201
26594
28932
25132
21120
14796
4094
2644
254
5808
10364
31391
11531
7418
29320
4351
27300
18245
6817
13061
2021
28367
2655
1014
15052
21034
9306
16672
23616
29749
30535
14446
21586
26443
11364
3387
7106
22714
13591
16228
30405
28791
31697
10401
19717
22800
7225
25621
17130
993
26247
21539
30744
32139
12845
14980
3897
26274
17341
5782
25340
25766
18951
15863
3165
7989
13953
25427
7720
7550
29933
32634
14776
6137
17973
20662
24837
4694
17050
25691
10718
20915
18189
24223
13938
785
20957
29868
5909
9737
4755
19700
31041
4027
12571
14789
18395
6664
4132
541
8376
21249
3784
11455
17248
16542
3440
390
23826
3252
14834
13562
22024
11553
26365
29217
1019
23625
29367
13976
26090
30151
164
13537
19736
2908
2762
12543
5972
17963
3603
2880
24188
26665
22002
27995
16708
463
11081
19898
10548
12306
27275
15641
12784
30356
17694
12880
5564
2588
12803
18541
17215
8004
20920
8966
135
4465
18781
27854
16206
30216
22807
9317
1660
28639
12722
11125
5357
22258
19850
19450
8563
2136
20651
10209
23583
29301
13367
18133
5308
12656
16648
13910
10909
20455
7575
28683
10649
32738
29468
31321
14419
24582
28151
30516
15295
8460
7503
5429
21473
8049
30201
5869
5592
17774
31899
25722
10012
18730
23313
23383
7684
6959
25871
20601
19339
6426
20488
30871
21075
22679
8783
10953
12010
7821
7549
12628
5453
22166
10258
7364
18346
7858
31327
19772
19050
15164
4771
9739
6511
1821
13428
8063
17050
13375
30560
11006
2449
28741
10453
7506
30911
16761
1342
4933
924
12293
3183
1134
7726
3943
30019
30794
28112
31775
1155
4495
30514
25002
19210
25532
28065
7348
3879
18165
1928
3466
25923
7694
31799
11982
15300
17126
3812
1134
24113
3318
19183
30422
13206
9769
21867
28261
15402
8686
30681
17182
4655
2700
18486
21665
29210
22711
4665
24153
3572
2400
26070
23542
12288
17873
28422
4638
28830
20984
31434
3935
879
13571
19821
14697
24506
20526
11786
14970
18446
22489
19279
25369
29993
25310
23936
21511
26649
1057
10687
1139
10145
8809
19082
30829
27870
622
24965
15261
810
14131
5754
29749
24385
27797
1950
8740
12707
16420
3862
24205
30777
7219
441
12151
21306
18731
19224
17350
8528
10533
2747
11114
9975
20919
5806
24534
17702
30733
1853
12467
818
25404
12283
26838
28655
22740
10761
16240
7704
14260
21396
27013
16369
13603
26784
24480
9770
28700
6404
11204
9735
20200
16310
21413
10942
23283
8009
13080
30241
3800
18356
23241
21628
19134
2389
18220
18369
25319
6454
950
28130
31878
19086
3660
9855
11473
395
3836
15297
3672
17230
14315
4742
16533
1848
24974
9662
1476
11620
14109
20756
29429
15988
1861
11986
26207
22673
3358
3326
14327
28077
17756
15817
22593
14091
9161
18219
20838
514
15603
13767
24200
14846
14369
5908
3410
21447
7564
24254
7635
32262
21708
15178
5260
15109
26513
7674
12999
18358
23699
31216
18731
29687
16076
32405
6286
20500
9444
20796
13578
21389
19693
2563
8019
24858
8272
30714
2119
19437
13319
28808
29383
16951
6413
11786
10182
16621
4371
444
12447
29900
31605
23773
19372
11419
3692
29966
3860
16560
12421
2044
11748
5045
1618
574
4962
4268
2143
3457
18590
18993
13671
18914
22601
7935
13512
13979
9418
1974
32053
3554
25743
29148
21419
6158
14497
19489
13990
14844
4476
10215
2452
17073
22045
5121
5258
15424
348
5307
11318
17390
10620
23835
5653
11669
9729
11623
31973
30278
18369
31463
2398
18994
22334
17644
29469
8651
19763
15122
7649
14886
31085
6337
5881
27812
3036
23034
1789
10705
13290
11600
27581
7052
18955
18228
11895
12905
14230
31350
27213
8787
4307
14857
30453
4726
5461
26631
2995
1116
2698
5620
3716
13909
9360
6727
25500
1309
29002
7974
20755
4281
31156
3698
19164
10402
3443
32515
15094
17189
27825
1845
6630
1034
17447
6307
27492
5748
12155
18738
29525
24072
13773
11602
14073
17233
29837
10112
7782
8035
27791
20751
18997
2751
9569
24617
29051
4983
6876
12049
23547
7827
10489
18602
19609
30898
27110
7741
28690
23029
14937
19063
9195
24856
22565
1457
10663
18914
20235
12149
6717
25280
10194
4413
11721
1453
3481
15997
11138
6228
23917
13796
5612
22393
21527
10207
26447
29077
20023
1632
29287
13504
20119
16861
15197
21460
16057
22427
23798
1744
7602
5420
19979
2682
4411
13623
6969
17225
3334
14711
26841
1921
1102
9734
20786
21664
22962
476
29422
29689
323
16530
17355
21151
2268
31084
31635
4228
31410
3991
11086
2786
20011
12207
21686
26074
23284
18053
5611
22876
590
21790
15720
17734
680
17919
23094
20688
10611
10151
7263
6439
22322
28766
6566
13144
2512
12077
19061
1392
24887
20014
21271
15073
21022
18950
27943
22568
31522
687
1353
12717
20505
2427
24856
18923
4003
4181
24927
23248
14081
24138
13451
3687
26667
27977
3424
10932
30236
5415
12780
13536
2929
26598
30393
20374
7986
9015
31303
22700
11248
23357
13497
2566
23824
17044
12239
8631
9830
13202
31508
21866
31238
24269
12377
5377
4182
17117
7265
24699
30312
20835
24542
13595
22151
25930
7324
21958
12048
28236
765
29358
27524
30136
21413
29741
5082
24691
10614
27891
1562
4669
8127
30564
28199
22070
10416
572
28636
12449
10258
20597
14171
32231
9781
12394
25506
735
12073
11836
32608
21068
12848
17781
31750
11176
30068
21995
25376
14112
29174
24552
12774
17119
11207
19335
4878
25999
23162
16225
27365
10781
30169
19049
27038
10429
31447
25877
6122
12591
31942
3519
4553
27200
22218
1098
25503
2707
4494
26888
15754
3745
20789
17115
28915
4095
24468
12443
27747
8672
9886
18872
10648
22234
12063
29217
16857
21485
30638
9572
7302
5313
14300
32022
27635
17711
25522
30325
27766
21507
859
15180
6591
8960
13085
29207
20072
30757
24462
22888
461
5167
4612
12937
6174
4703
24909
16227
30899
30077
23200
22430
24223
1565
30420
22794
6023
26145
28624
30526
9397
32127
2627
11903
29288
9285
10133
24035
6510
11738
13341
19637
24309
14726
17812
7964
26271
27700
32201
32248
19156
30583
1431
30221
3932
4556
13332
21091
8749
17439
13836
30188
24193
12432
18862
30824
17964
13942
25220
2694
25901
6052
18857
25932
4995
748
3638
18616
2370
10210
23037
19880
30949
14306
32378
3831
9190
30805
19974
28137
7564
18991
5454
30153
12293
19132
18692
8912
6068
29085
15316
4169
2252
20494
28826
20979
13086
21866
23762
31911
14383
15600
12111
8762
18318
2247
28465
17573
21860
11840
1809
1123
8013
22364
4222
3611
29542
23950
29613
2943
28072
25025
12140
7028
8052
9629
23896
5491
21870
2566
18000
7215
28559
22246
6953
17272
32630
12333
9635
19807
8447
23574
1436
17051
16663
16043
20100
27179
18127
11915
6417
25661
21167
1771
23860
27727
2124
6875
10315
1684
5660
28106
920
7321
28554
21837
7922
19752
27974
26652
5050
29549
18399
24157
21521
10583
8339
18214
6728
18753
3174
14141
27800
13010
21873
21794
2324
22305
26237
26191
19931
20509
5328
16830
29074
1837
15431
19372
8210
12051
24997
24221
20317
5398
20267
17824
24791
3424
24425
11220
25267
32421
27219
9515
1451
20741
2199
13422
6900
17460
8494
29313
11889
28888
30001
15081
4391
31026
7663
395
26609
11521
12604
13750
4724
9379
12
22116
32342
6014
9024
7101
15019
29086
19135
23005
24496
27807
713
215
7868
12238
25480
24058
3699
15243
24296
595
1853
9202
8361
29298
9207
24250
13491
881
15080
10332
26537
2355
25334
17528
5568
14826
22809
7541
23506
27356
23057
1897
24238
2662
17492
10808
7347
31553
5707
22271
32157
13572
7357
19635
5278
19946
25996
12293
18609
20950
19103
14985
22315
2708
10527
25880
25746
7522
6374
4467
4019
8623
14388
30504
15087
5410
24484
22458
32726
20702
21087
15868
247
25605
16016
19646
3573
30586
8728
24747
19934
7916
26498
2418
25529
15120
20281
7716
16734
20781
30968
28893
7307
31710
8579
26023
14899
22804
26773
28827
1049
6490
13081
16202
7326
5213
32156
4443
25815
1707
13059
1141
10467
23739
23417
22367
26236
12078
14252
26725
25035
21588
7225
29438
31873
10994
8548
20653
803
578
31501
16677
25765
17212
3296
32176
2107
16148
3787
7121
13676
18180
21941
808
17000
29003
5229
31383
31899
12150
10464
4259
32642
6622
18832
25373
28094
5234
10049
2561
16487
12470
22261
10654
8354
28940
6171
28663
32630
20787
19204
362
24539
14349
11158
6287
1812
13989
9284
23907
1855
14448
19774
14246
22571
2259
27620
8321
29289
20966
1665
14188
8358
30840
24630
7759
31544
31059
28980
24807
16886
11200
12078
27500
2125
3406
14863
21617
26512
31440
16616
32267
11152
31397
13100
21045
11629
31804
4639
7795
20651
12502
30348
21174
22152
24974
7862
10112
31629
26263
6290
28488
4964
9158
23603
5920
5865
11856
27270
6805
22659
32724
17471
28375
21173
23196
19731
10522
17648
17184
28456
25659
4780
13003
4810
10663
6327
26626
15967
24953
27852
30563
29341
3554
15207
586
5882
21966
14296
13978
2660
8900
21142
31674
11315
22030
10711
28893
29020
22811
26717
8327
23015
3361
1683
3405
23203
24070
8664
31708
3864
31873
24091
7740
18365
893
1448
1110
18539
3262
23361
30132
19218
30918
21105
6281
6827
28154
8733
2545
23149
21249
25948
19321
19780
18541
16009
10722
12671
26013
12438
290
1224
15585
8866
428
17498
27360
16846
23281
32110
13623
13645
28455
16886
31843
22715
29769
21902
1249
28848
9823
9904
23443
3476
28415
26663
22886
4277
9748
24262
2610
1942
20446
14169
31458
20875
31802
30940
13012
17282
11044
26347
23683
15908
23162
26746
24931
27165
8450
18118
32012
3767
31407
22667
2971
13998
10784
28024
5973
5952
21354
3552
27022
28035
13335
25266
8906
17915
7279
22955
7713
25196
3574
22986
9192
12781
9013
7173
12173
3902
9405
31802
19651
14683
28522
22120
20447
14929
4069
17439
28034
12369
14188
20021
30073
11523
28118
26299
13537
7964
9425
16175
17295
31283
4207
20211
16559
4305
26849
7678
17066
21703
31106
10194
32334
29124
8471
27310
26921
30246
10068
30468
23349
32273
2979
4909
29627
5310
12578
18268
17777
16406
3050
26065
3557
27264
13207
25423
31775
7927
32517
5071
19074
19295
3415
8054
12276
32025
24638
17349
27711
19413
27512
13584
29622
26279
15766
13361
32283
30558
9731
11389
31936
20497
31810
28151
15341
5882
27767
22468
13186
25735
27945
1759
19165
1967
16966
23822
5118
25731
12647
29717
16873
8453
19286
20777
24140
5180
28366
27815
610
11144
26753
25094
5911
14900
21599
23563
24685
26442
9238
4411
22558
11691
28373
25750
7043
8798
28246
32386
28852
29993
19739
29190
9969
24414
10744
16952
22081
29944
29905
23545
16984
3046
2213
22495
25790
11687
9931
6259
25134
18199
14204
6301
28477
2697
29586
32348
26684
14357
23439
17850
8286
16436
8161
6144
11294
29834
24165
8998
10971
15106
22825
1421
21445
30496
2678
8689
18941
7571
14862
28569
31736
9738
30642
6864
4645
20297
7911
2457
12495
27004
18426
6303
4420
6859
19010
9323
13879
21038
13221
13017
16227
23683
22877
20685
8305
20446
26108
30754
16156
16672
2222
4579
15507
30667
10687
26814
28190
5140
18525
8117
18693
23354
26014
279
17838
7703
8389
14767
32261
28149
26817
21563
2848
5026
26358
2336
26148
31943
1856
13915
20578
4981
16693
5051
1734
13313
1707
30541
17522
13586
31611
15896
22694
13816
23172
11531
21475
10047
11250
24116
4176
16772
12480
3635
6492
24200
10107
24045
13989
26755
20041
23685
7705
21435
17963
28040
4442
22100
15231
24423
27239
21098
30665
17963
23418
9821
16562
28260
26156
22380
10321
31842
19935
19078
12970
2984
2397
32604
29812
25246
30653
443
3872
3718
23687
1305
11798
31665
26392
24174
26946
24051
18759
20549
12495
32084
8520
23826
9778
15112
15057
5062
1643
25250
27516
2721
2439
7044
3693
31815
23402
3738
25396
15127
4555
5192
21492
28344
17280
32416
26309
20468
9468
21465
24152
22218
19990
3324
19930
3774
3340
11489
9242
1396
27335
17242
29165
1917
17504
12462
28626
8049
7652
15689
1746
2878
4692
22961
24746
7103
1264
6844
17196
12945
30645
17921
15075
21026
11045
652
22774
29706
27462
470
2126
6559
11757
13556
15867
19139
26172
25102
2260
30465
12650
11795
17502
27865
16578
28331
29424
23383
9455
22637
788
4587
24182
23891
1071
29300
22404
20330
3685
18846
10986
7118
25015
366
23654
12758
110
25115
26148
27276
18621
21792
16260
1120
20898
24207
16670
1821
3853
16552
2564
9243
324
32170
19014
26295
29574
11241
5820
18688
3566
20513
10751
179
16027
12810
14009
6250
15886
24364
12063
10512
13011
20469
9659
18328
14436
25353
11119
31470
19786
8921
20151
20014
27781
2423
8238
21269
22062
13993
24660
10421
19291
19516
14990
23148
16707
25754
12654
11030
20387
22431
8245
8322
24160
16809
30102
25379
22125
238
3005
17928
23023
7443
16784
2830
18335
19706
14645
14165
3440
3803
24532
3056
3699
1686
8862
30433
8183
5703
29966
4164
25076
25883
3182
30666
30378
18531
29854
9833
23941
17127
25105
2130
30020
3709
25880
29476
26970
25562
25187
19551
3732
29863
29892
29723
29437
19416
7223
18426
9471
2105
24096
21083
30154
9545
15059
31184
15098
17996
7257
17619
21363
14236
8818
1460
29584
6720
28630
726
31870
28095
23744
28443
25314
27702
12973
18077
26818
27817
21857
25503
11938
16279
32044
24515
24557
14801
26219
5501
32407
24972
6737
21959
4609
29108
13544
9750
15645
10115
19538
6797
32722
3667
23893
8305
10146
15792
24855
19678
13194
15794
28709
952
12073
1417
5818
2787
18725
18522
15935
23991
10443
1098
20494
21678
18165
2008
30075
30048
20017
24943
6421
32434
17951
27963
3369
1354
3611
30013
31624
13382
27420
6042
650
1581
11484
26425
9043
2597
11834
31372
25941
2407
13532
23726
21270
8433
29720
5295
13364
9082
14101
14124
10406
22443
30253
13858
2372
26252
23446
25347
12682
3645
31554
22282
5785
27878
16899
13772
20350
30704
24563
32273
29367
29558
12819
23777
27891
32246
28466
14050
13594
1101
7185
23521
397
12770
2756
6318
25263
12577
26971
6957
26276
20523
9154
23722
10841
24011
7398
1645
31684
21165
793
1166
29037
6858
17336
15115
6957
4903
25099
4376
12341
4031
13676
18102
24147
32189
21164
18567
7793
30191
9394
30177
12895
21368
30821
3361
12242
8901
32717
12866
15532
31938
4212
17326
24701
8781
8467
29011
3914
27627
19050
18938
20878
25017
20336
13012
11647
4006
28844
32086
13714
27104
3811
3911
24641
21900
24819
20760
3340
10682
16639
22131
23230
15512
21708
29974
13041
20709
5483
15842
11988
30633
31257
3119
14636
14884
19043
8035
4505
8196
23438
29379
5403
26075
15669
18313
28628
30671
6452
5430
7184
1172
19141
21545
21122
15511
28905
22129
20432
4476
10
8928
4947
2507
5854
1632
31512
31974
6798
20362
24874
19263
24088
26741
7699
26311
22770
17100
5280
16298
12528
18980
10981
26937
7015
20620
21633
2855
22931
10597
4643
29433
21558
26228
2637
22968
6786
27445
8024
12777
18489
19058
9913
4543
5907
8725
9602
3470
8032
26939
13868
5763
3054
25737
31635
12691
17709
13507
17730
6833
22417
13210
18673
10308
6456
4806
5452
728
21197
29013
8694
1299
28588
23363
8398
22507
31046
26442
29809
7959
25031
26363
28672
18883
25079
23822
17443
23432
28254
11767
15693
16795
1964
16058
14146
2117
27224
30207
27095
1171
24966
21353
29433
17998
16686
4388
16881
26157
19323
957
18406
1098
1393
11319
4516
2771
16083
12379
11932
2306
20804
11599
2347
14927
23212
6250
5151
3556
30429
8775
29047
16977
15479
20504
30314
27009
264
16189
12459
26860
10360
18198
20716
18959
933
27925
7841
28441
586
24343
22790
32744
15397
26612
10595
9011
5465
4692
2702
22537
529
28101
18866
890
11622
10763
1104
1684
1923
31927
18307
28817
32518
1276
13448
8526
27050
8637
20093
28671
24611
28138
21865
10786
4426
22285
21117
32433
20602
544
14746
10652
25402
29346
17427
29558
21020
10218
26803
22894
16613
9402
5378
29058
4589
5399
3012
24303
22729
1624
3267
27372
24616
25982
10702
5527
18171
14275
27906
13104
30937
16758
13384
27013
1441
3845
26143
8621
7265
5212
25500
16889
11638
22125
23470
17448
30709
21264
25511
31706
1610
6926
30968
8520
24095
21112
20540
29745
26496
2878
5497
2840
20284
11772
418
8876
26766
25879
26976
392
20988
15881
10513
17436
24960
29945
4626
9451
7142
7823
15673
5368
15221
9222
26278
14458
2513
17795
14012
7127
4384
5797
7274
13520
26732
10589
7343
1017
8008
23296
15197
27245
3255
30618
24861
1983
1353
10118
25267
13364
15495
23355
3459
27439
21905
10601
23892
14828
26374
21317
16213
1649
30244
25376
1629
17090
11569
6463
29815
24661
20761
6887
32158
6085
14936
6071
10181
22730
21786
22843
11291
30313
27809
28861
15756
25448
17896
30558
6283
4869
19846
5222
16399
20968
23764
15833
3035
11093
23122
26443
27651
11942
14663
4852
1452
10489
7336
30983
3347
10022
8507
14656
209
21492
4860
19132
10845
1676
4544
7694
2002
5421
26904
9615
754
16418
8056
14325
6507
18673
153
296
23130
2518
10011
30033
23822
8559
18799
31283
5390
1721
19956
15038
10077
6459
27232
22753
9468
385
21090
29089
20145
30156
14726
10088
17927
14088
11352
9887
20374
23038
1228
22654
2692
12491
32221
14371
16716
26769
10869
32226
14270
12140
21389
5341
6728
30376
405
3796
29299
9521
13590
2622
17584
20042
4758
16024
15189
16514
1468
8957
739
228
8116
25335
15242
1647
13525
5525
9199
18886
32129
27325
24876
32040
15949
17092
2072
161
15202
25660
19402
26242
31524
17421
30040
7184
7185
5064
2276
2681
16875
2615
15322
17420
24089
6713
8307
4520
22347
3020
10878
29813
21597
11116
29023
28627
11902
924
21336
12176
20113
21698
24071
24158
31187
16183
8240
16516
20926
21407
18621
26323
2862
32118
14083
3548
8387
31724
24647
32096
1158
23795
11905
31752
5327
11926
15455
11094
22630
23180
4749
24540
17896
24589
18996
18860
6764
24548
14529
271
871
11974
2279
19322
8141
25058
25831
11453
7289
2489
5647
6270
28623
3888
15744
22502
30880
26339
2613
30618
1101
3773
4161
20973
48
2502
9560
2388
23095
20027
26257
1818
21714
23012
19306
21076
21008
24738
27149
21272
23045
18760
20690
21994
24686
27819
6404
25463
3480
19197
5864
16518
3709
11094
19195
10795
12336
22932
30844
8765
19068
30309
1322
24587
15816
3490
1615
14667
2110
26335
7933
5971
13869
17472
5016
19596
12715
910
13972
24099
13694
21897
4736
5633
26429
32640
30020
28926
23730
23328
16551
15697
4227
2186
9236
32075
2577
1704
9117
25158
15521
9664
4160
29656
25018
2121
21865
14156
21197
9726
16313
27474
9756
1330
8454
11253
4820
7779
30115
4814
24700
7697
28385
10103
26003
30928
1749
13379
22901
1437
348
21292
32127
4718
32349
18189
24947
9997
334
29970
18206
27173
4602
4716
26936
23709
23169
23113
10635
24358
26272
24579
27224
13840
26674
20887
5878
32610
9463
15962
8124
20265
29077
13799
27937
26128
24028
21340
3618
13873
30286
2246
9700
10795
16095
16089
23707
25205
19193
7397
22442
23794
5827
3333
32012
15045
1443
20634
1522
6246
10754
14583
9389
11253
14927
22622
16847
7631
22342
16172
5261
20320
1906
6480
6760
1080
3056
16385
12813
8544
29303
5041
23929
30446
2197
12860
28512
18391
5179
23910
10192
1029
30076
9604
1042
26793
5522
11385
17873
31443
18210
5348
30077
4160
31681
29080
25586
23154
29366
18765
28501
10246
17665
661
3903
20547
29341
19473
27678
31983
21763
21732
1496
18022
6895
26984
11697
21997
12646
18464
22382
579
15864
17134
1466
6777
3651
134
21962
21252
8376
29219
28221
2321
10914
20857
21830
20504
16227
15082
29196
32180
32001
14332
15697
10162
25058
19979
25938
18535
12244
25915
26863
32071
81
7089
28172
5044
28160
22787
22327
22548
30590
13804
23691
23334
32607
3141
11220
8598
3440
17200
21492
29135
13631
11159
32645
13328
17886
213
17087
6338
9955
25010
156
30985
1715
21909
11067
9625
15873
12789
25474
6091
3217
29713
15368
14575
4930
25313
9010
13284
12107
3404
14492
1255
6853
30875
4538
15273
30314
4910
12735
9124
8348
16237
14525
18094
32169
2818
3598
32207
5453
26182
2548
1104
10616
28664
25212
16660
10834
10549
24488
14892
11132
9636
6860
26277
16025
3058
19769
21156
22286
31358
29209
18870
6917
9301
16282
31585
17848
14944
15183
19967
32492
29916
28115
21452
19387
20747
31151
5693
31895
22313
6525
11155
15500
31906
18766
19121
9669
30338
8010
20778
32594
4141
6038
28575
2089
23120
22395
28744
29546
17943
11204
19408
31207
161
18023
102
9443
8881
32616
24337
13850
2214
7419
17219
20738
26285
26345
26802
18769
27957
2356
21347
15039
4515
2558
32263
19981
20295
22183
17035
20294
29839
11318
12523
31045
20603
24314
18503
6775
21585
17777
17976
30434
32146
19048
100
2918
7212
27236
31824
5699
18673
8257
14710
2268
8264
1305
24984
18107
5411
10087
21331
21972
28721
23916
15095
25614
20308
5842
11670
17919
14677
29072
31323
21239
6615
5645
9757
16961
14729
7816
17716
28069
1696
3511
10124
7473
16773
6318
2808
16442
25034
18435
18376
14237
18275
13360
11165
5450
3091
24888
30332
29956
2340
32142
11810
21090
25947
2098
15255
26
16171
8733
1798
9342
18217
3807
1484
24391
24256
10375
28367
31890
3878
19139
2321
22824
27790
31048
18565
23554
14752
17780
11553
10509
24358
14130
6196
28970
3080
15647
3066
889
4474
26603
2413
983
20340
29953
95
27301
17762
27754
1478
12748
6942
21998
17495
21245
13851
18813
23382
31550
12003
24270
8108
6050
15043
16454
29498
8023
24004
25883
9837
16102
30942
14009
6162
18615
2153
9573
1900
3796
9940
28704
19588
2542
10137
9166
27329
29093
24176
5527
12728
10756
26308
23694
24645
10827
32611
3728
32219
16626
20089
17519
24088
22762
8639
10576
669
9254
32496
6482
20252
20314
6269
4977
17330
8963
31361
681
12664
13735
1015
8798
7509
4958
43
507
17686
32401
29806
27610
31424
11778
30222
13156
18980
11276
7301
11897
7349
15149
25585
24082
20375
25537
5060
2596
28664
3856
32189
21704
4515
21387
10519
2202
29650
22099
15872
9822
26692
26107
17740
30186
12432
12943
4203
7744
17849
18133
23960
2298
15874
9938
3156
5355
17668
14224
30227
23555
23037
21535
16181
4211
18539
13274
13367
13586
3802
1515
1835
13567
10234
26130
357
7816
27124
3746
32120
1355
28670
27596
15713
20379
16942
29727
28929
29478
12171
27216
209
25812
3690
27703
28881
16370
22264
29467
28609
26767
19475
10543
26260
11558
9822
14428
7202
11134
30100
30273
16669
31951
11292
4473
30790
27942
2270
9244
12000
16906
21334
20360
22885
21600
7654
17761
26745
396
625
25046
2588
14297
3365
15142
2851
8731
18840
19043
27881
13971
9751
4471
834
11538
8507
25188
11952
8289
30140
11216
1754
24289
14474
28352
2361
11887
7450
16804
8213
1930
21502
1172
5552
3000
14265
10969
18369
15141
15313
15791
12067
11662
21030
31817
4047
21085
14977
15638
25864
31766
28784
29763
24021
15089
11090
897
32180
19145
9390
14088
13709
6196
6345
5083
2277
8436
13687
23374
4948
13198
27441
26566
569
21048
21608
18113
22188
15608
10009
13334
948
26379
25762
23165
15546
23428
15316
32081
2110
21813
20809
28565
27337
3538
25079
31798
15907
2132
29702
9103
2245
23196
2527
21042
27025
14937
2950
29926
27585
20779
23081
3564
22302
7177
16889
12167
20594
23008
15928
32699
24127
19836
17299
10580
9649
22188
1203
24106
29650
9889
25871
20132
26365
5016
3588
14971
19605
20409
23079
32448
1782
1854
2778
17697
4012
10711
31773
14440
27108
25421
19111
25156
6431
1894
8246
5708
28718
29962
6691
3649
19546
13475
32313
7059
4323
21962
12743
4647
30380
20511
9972
20568
1076
27512
13395
2108
16840
29503
2743
11816
32247
14613
15689
12406
13895
10939
4055
23685
30758
32563
32623
5378
20003
16162
14637
15718
3422
11385
29521
32448
5949
19796
23700
18869
25441
7715
5565
14789
26073
12039
26991
15824
9621
12415
13893
10712
5917
13123
16161
5640
3971
8048
21952
12021
25493
9958
5010
23333
1880
14062
5321
22990
16818
11553
27056
16095
18535
21381
12863
28740
22599
26616
6124
2150
7589
13010
6595
16882
266
28870
24249
20700
11307
5129
574
19619
23321
8374
3857
4054
19896
10354
7256
12503
28018
10572
16624
30687
31532
21478
20738
30274
22905
31962
6615
8949
18190
15703
4077
8269
7543
1803
9034
3849
26632
12102
11792
4755
26389
13660
12626
27267
21350
18507
21542
17765
30181
20381
22779
12476
26522
31632
32045
19015
3545
8309
30423
5762
9914
24918
1257
8304
31178
28123
17786
18072
256
22382
18015
22861
7667
16798
1020
28211
12105
29121
19034
3327
6771
478
11386
6526
7576
15050
1513
7897
32206
22928
14997
24599
26000
17430
10463
20963
1901
28926
497
24976
22781
1739
31826
11610
31257
30277
5303
4591
7243
5150
20765
12590
32388
30165
14868
22062
20749
5595
32350
23170
5568
757
29880
28859
20600
7905
28664
30767
7110
12348
6488
15865
30182
19363
17682
20289
23025
22553
29997
16574
31059
12968
32406
3960
10624
13643
1138
32467
23011
9484
15795
6089
9751
19306
14569
11639
22618
16125
4699
2779
28735
8029
20567
11740
419
18495
22982
13194
32737
16353
15107
22952
18762
25769
11502
14696
1743
7689
4668
8053
13313
5285
24337
9526
25404
13752
7888
28498
4638
1459
3122
13679
8766
1576
28565
30528
18971
13031
14231
702
4691
23143
32740
12213
13078
21863
31308
29827
26073
25044
28185
14364
32591
9454
16799
1362
26005
6311
16916
852
13997
26699
7586
22388
13101
102
17339
21549
16696
21987
8109
6500
7086
10353
24950
2542
416
17451
18649
14931
31239
1655
9905
15569
32693
10798
2182
28324
10635
7934
16990
10885
8941
28685
19157
1137
2163
32223
7536
29355
31969
3962
5935
2052
2650
32456
353
9050
9168
1084
16060
14431
23231
26040
20141
5531
7451
3247
6893
19381
3975
18311
17237
6638
22471
14913
23539
1006
27512
16987
20829
29891
14078
20981
26437
4903
12479
1588
1358
11009
11407
31972
17950
20527
874
11617
31925
7811
25449
18615
9213
15115
23535
25864
27810
31382
31267
30766
23843
20851
2468
26018
14378
28796
19832
9116
7449
13140
17733
15228
5861
17388
21187
10601
3367
5964
21361
24376
19312
10128
647
28303
4829
3888
14124
7754
27116
27013
21226
28445
7822
7305
29791
21371
11902
28639
16949
7863
2512
5395
25172
28522
25549
1314
29013
6420
1534
22333
3642
20742
22919
29898
20061
8831
6839
20140
11687
28181
27356
30660
20226
30806
13404
18615
8465
19376
5377
28914
15134
29070
17045
6380
1620
18116
7599
31147
1838
28461
26316
3466
23343
11410
18849
15929
16084
7374
12976
13317
12231
9008
8986
10842
32597
289
30388
28038
26914
25095
20572
26047
539
24169
8334
21352
5037
14931
31282
8336
14132
25340
10680
27580
17847
28582
16999
12262
28626
10694
5618
11717
4595
24677
19021
31311
6346
2758
446
22141
2554
32329
18743
13390
1301
15247
16611
3342
20679
5855
13055
27864
18513
16328
3307
22362
15673
27656
28289
27096
8512
10669
17317
24179
3221
7290
7197
21676
29768
10892
13732
804
9473
23614
27705
13989
22002
29513
1213
16998
26634
32048
1469
17803
9580
25819
4749
27116
5407
18305
31894
23
14087
4300
32496
7320
15380
8760
22580
6776
3769
2493
13963
9987
16288
2989
10763
15054
10908
991
4420
9209
26591
25101
13333
1458
23917
17787
197
28922
1232
31705
8014
31404
14605
26475
20220
29371
8408
4199
16951
8379
2308
26015
27805
10659
17213
28767
30549
721
23801
32665
20383
5710
17068
3647
943
31828
9019
26865
25019
28173
10164
22232
3411
21918
21308
18898
32497
8036
8009
22991
8657
12413
10257
3963
1026
9867
32066
16925
19646
17588
27379
3262
27895
12782
20186
7823
15922
27769
19904
27269
920
5804
32051
31302
330
245
21883
26696
7670
5404
32719
17719
17064
1735
21704
27800
27874
27971
7957
3245
9966
10881
30321
26008
23155
17247
18130
962
12615
3369
22499
31102
30852
21600
26805
23530
14814
24762
13233
1814
32563
31337
28370
28009
29796
21664
7185
30272
23396
340
15904
12247
1678
21056
17754
22637
19772
19243
18683
675
11925
2413
24716
22822
5798
17584
12706
17805
31157
19700
1480
32389
14801
10710
31930
16683
2734
16145
11988
14777
18352
6725
21449
24421
28742
19959
16792
18310
15993
32217
22460
13305
3013
76
10915
24771
30759
14628
866
21751
1911
4523
1959
15067
10488
12776
7663
838
23854
24353
25081
22604
28143
9118
15738
8989
27837
9136
30994
10539
27475
17394
22911
1163
8830
1231
7441
31646
31534
14148
27997
31728
11725
28391
6454
15456
27599
21801
10969
19074
18315
16856
11880
1857
20041
15592
15514
22217
2204
19826
7600
1956
21746
14845
6315
13602
20585
7677
17084
10495
16868
30873
25340
64
15199
6321
15965
5982
25983
2592
24544
422
10605
26686
12553
4064
11493
14761
30353
10799
21642
14662
1370
312
16509
12418
17320
23174
30509
18142
19085
31789
12913
27306
15269
31662
724
14096
7940
29723
15663
31573
23917
26492
26238
18268
10948
20336
4588
8556
29894
8472
25904
18738
10744
18480
14108
11274
27869
23935
31859
28282
1900
7282
30460
12031
12993
23556
23252
26125
1811
3808
24072
1873
10214
3786
26211
18489
130
14139
18821
12214
9379
4939
21301
21313
10610
8916
1529
25884
2740
31445
18915
30682
28738
17684
32173
6945
26553
25352
7689
13743
26226
14325
30514
16539
10165
24153
5319
18397
15145
19591
25561
21521
22415
11410
15171
8568
17840
27500
15929
18496
30612
17231
19748
14853
8181
17756
30893
14487
24051
9859
11032
10750
20746
21410
31700
28091
10560
4337
24912
5969
1955
10397
13584
12804
17138
27827
15871
29153
25755
4160
13575
30206
29157
7095
30687
3
21871
146
24100
17641
31961
4156
25772
15106
32449
23087
8983
2362
23793
13657
16294
31644
14038
30917
21841
8472
53
10103
19
30339
4121
5016
905
17119
7184
15571
16315
2269
29590
28158
26682
12704
4050
24061
12651
21700
19328
22499
26658
16799
22319
11867
10098
11718
15788
32327
8388
11475
3262
1190
10791
21862
30227
3003
1767
14186
31867
13164
7777
1946
340
6376
5397
9283
17989
8588
31741
22347
14128
27912
2590
31090
4193
12989
5212
23256
13580
3690
14226
5312
18934
8
26850
10387
26738
8946
24650
4136
32143
24649
4472
9026
10640
8343
9952
30298
13212
16562
13067
5791
26039
19940
3122
18236
25841
19784
1547
9177
23005
4727
32227
19556
32069
26980
27885
32273
23836
6021
29914
15775
28084
30772
6825
30430
15154
14420
9153
13678
20286
30007
18749
23241
7935
17087
13703
30083
5446
23748
40
7633
3337
1974
7134
31561
20500
25732
27375
22504
28155
15292
28094
25689
32595
1011
16284
4468
10529
10087
21984
8966
29843
19683
13626
24528
20206
10211
4420
722
17864
5113
2650
20937
21367
32623
32172
31990
20425
26926
7057
11297
22774
30174
14367
23774
18642
24655
2552
30223
2631
18712
19302
13482
25347
10622
29099
21948
1390
28055
28306
8622
32479
31151
12362
15559
22031
7914
21364
24819
28110
17195
15227
25795
32756
16437
1316
13236
17563
15888
1894
7092
6539
3247
22139
5090
15862
16591
32055
24726
30310
6178
24729
14497
11507
26797
416
20438
25017
8046
4447
27337
32649
4675
2900
24534
26847
10503
18934
10597
20756
8702
18829
28013
13781
30067
3398
7735
3284
7327
23175
6245
31165
16333
16000
25138
8300
4028
4611
28667
26461
20037
28565
4607
15972
19005
20421
28515
15774
21149
16316
12921
12455
25824
26134
19009
25101
6829
18928
25904
15109
6838
4162
2353
2909
4320
9072
27882
3506
29092
31003
30272
31715
3253
27197
541
18373
13027
20853
22896
19481
29503
25503
30582
2491
13184
30376
1337
17692
10149
10912
11862
6129
27868
10513
13058
19245
19363
28304
23375
3373
25901
21137
12204
22579
20487
16768
6827
7446
26619
23821
22536
1592
21813
30407
21734
26295
3748
6380
25947
10728
23459
4479
29487
22273
6361
13212
2529
32021
17501
17161
25579
6982
5406
15885
23879
22838
8579
31109
28466
9150
22862
17204
6448
483
22214
32347
23376
13829
19221
28297
9649
32602
2543
9397
24901
3995
30836
17034
30165
2301
25432
2050
28998
6243
65
24374
13338
32722
7792
23157
18234
9509
19108
22675
16114
30978
27195
17283
20285
18956
4507
7464
30019
22618
6608
20073
23072
15657
14710
27780
21223
31437
9434
26788
8678
18670
31068
23989
23852
28912
30744
28791
7753
20147
21445
30161
24405
18813
5596
21353
10548
22836
24317
20081
30487
27601
1680
15556
29510
16145
23976
19505
28958
621
6444
21526
18517
21837
10040
25905
30086
30073
29633
2996
9193
12752
24696
30615
1121
30012
29681
32562
5565
32229
1029
12299
16951
5285
24437
25069
30273
22717
15055
58
5250
29638
25750
32129
27419
18922
1181
9555
3630
31315
27316
16467
15265
17380
12422
16013
11295
8743
12994
23561
30048
13959
9593
29599
25003
20928
18376
29708
24729
12691
31414
11078
29979
18110
16223
23565
17598
5931
24659
20931
11310
4200
19001
26237
31993
24151
22456
12122
18582
6695
5271
17172
23718
25986
15394
20180
21625
17928
30416
27979
25556
21757
6948
29694
16114
5950
30161
10977
17352
4474
23841
8744
18574
27806
5015
6746
13178
16017
15828
12967
16335
19234
28599
20859
5142
20799
5320
31571
3499
14439
14295
3024
25980
12897
28128
1289
4622
9519
26674
26918
2753
28990
29136
21035
20564
26591
23576
15377
24235
1531
7842
13595
27600
18177
11883
26727
6201
9252
20531
14020
29769
5060
27171
20931
32536
7465
6323
3345
631
21623
2763
23043
28719
21214
26920
8563
9354
32530
19714
28619
12821
14843
2540
10079
6819
17325
20219
11520
6549
27802
25386
17101
25433
26374
253
1357
32305
19644
5477
16059
6198
11520
26084
1185
32412
14020
25073
21417
6711
21279
9118
7599
5438
17402
25464
32282
3664
6925
25519
2157
31924
7434
5751
25881
10725
25879
941
12438
25678
23682
12734
20657
20306
23216
5573
13352
29839
343
20211
12404
31332
10477
12596
29158
9136
29025
25359
12789
31965
19208
4814
10199
23070
3034
1760
26446
2804
25822
3451
8645
26359
19427
3974
32155
6099
11633
19125
30655
17553
31487
30454
893
536
26982
23308
23703
11507
29590
5241
16280
4180
30088
5794
31845
32345
29556
9518
5909
15759
24899
19887
27394
28597
32327
9348
1056
21954
6442
18686
8846
5417
20516
29889
7275
25179
8561
6765
4587
13453
24579
22398
10154
26300
24692
15729
15168
27119
29246
13865
17941
27837
31022
1936
25207
7182
15126
14977
9961
24870
13763
26854
19390
16607
4398
14109
20199
16437
502
31905
2570
29192
12302
24550
28372
4638
30131
27012
23951
20840
2722
21144
18935
14214
28551
4711
8777
15756
11704
28485
11422
1543
16163
5814
20087
22075
12934
210
29337
13487
24542
8942
283
20716
16673
13688
7613
6273
17199
4387
8315
7498
8966
26436
31842
12530
11062
22908
2211
22967
26006
13464
24550
1133
5428
21173
18912
6086
3218
26792
25384
19664
13327
17053
30534
28863
21667
13309
16653
29677
31439
16022
1324
27167
1492
13558
15103
24586
14116
23575
14251
10774
22038
20546
3945
4193
15325
12589
8482
31751
23483
22887
61
2465
7026
9461
12469
9483
4092
2878
26990
4715
29307
4132
20681
2158
24947
20596
26486
16341
16951
11648
5513
7217
22177
23562
3536
20970
23302
23140
31588
11654
16489
4566
11647
24616
22255
10048
13709
30039
31891
16128
11142
22017
9243
14358
3194
31936
18507
8838
26478
16219
8024
29950
19558
20880
8864
17849
12739
25873
16023
2723
17359
2764
16133
9406
21143
14703
19311
15044
20985
7468
2002
9998
8189
5306
11672
31924
1385
32668
12484
26614
9359
16805
17776
28123
19050
8124
22905
20247
21993
23005
22137
4658
10635
9824
16373
30951
23340
29310
472
25803
5663
3089
800
28463
25468
6299
20696
14406
19643
32138
30022
12683
3202
7610
20325
26461
16828
4156
32406
3564
22763
13398
13970
21849
8127
18122
4003
18713
14055
23643
10004
16027
22055
25998
9189
5930
5803
8110
29636
22804
14235
5906
21561
25612
4335
7843
31777
17613
10373
24728
31069
27648
7536
27780
5835
19552
23956
26259
24181
9244
22896
15376
3081
30076
10810
299
906
29384
24113
23546
8260
24934
24367
8381
28677
14402
10109
870
11914
32115
14572
601
5432
10011
2593
28272
21261
910
24113
13378
16597
27831
14958
19109
9633
19128
28288
27249
8053
10705
25271
29575
1089
26499
8351
8978
20242
15093
18901
32525
28042
7318
28954
6918
398
20740
2470
6689
27454
6957
24766
4703
12074
22964
21897
13600
3266
5014
17184
24807
22799
14349
20708
94
29089
5556
7444
23194
23497
19692
30111
14495
25608
16767
4918
1063
20934
20356
2726
17311
839
18307
26725
6003
1500
30169
10858
7307
32342
14685
3138
22550
30144
27971
22881
4230
24142
10817
14774
14299
25744
8945
11394
19237
24811
8055
9577
19268
32074
23651
32714
13043
25361
20697
15436
3589
1363
8175
15545
5613
23364
14678
29200
30596
7921
27965
12501
9735
25646
30578
8108
24415
7120
17866
29734
17830
22301
32196
29147
12774
24449
1385
24505
9252
30339
4982
26523
29853
20982
2749
5149
10831
10356
9417
24751
6843
25096
12225
4073
14058
16683
25486
15391
10670
6130
4672
22068
11050
23941
14254
1715
11668
14291
11357
9499
18234
19844
32676
14715
32195
29743
15629
15423
22200
3790
8445
2122
20803
12399
152
13125
11574
22316
26847
16438
9038
21340
14619
24660
29370
12043
15487
13850
26583
10664
1801
20122
16446
7166
6569
17684
4096
22630
4517
17607
3120
23354
26428
23815
24226
24460
32650
23440
26355
11288
5547
8474
3273
11384
16163
9261
1884
10903
3965
5687
15926
15464
7987
24284
10039
14808
31182
24973
17883
20225
14158
16732
12224
32416
17612
5902
14946
10441
8286
19826
13865
27097
3131
6130
23207
26029
32032
14184
18458
21265
18418
307
16953
23419
21156
23689
2093
8954
19547
10766
28125
3177
12496
18854
6766
3560
6902
12936
4106
10637
10974
20885
24801
24150
727
8679
13678
9570
8153
13228
2044
20321
4388
5429
14696
22090
21284
21066
25384
30540
20888
32193
2700
10502
21747
31055
6468
16890
24322
28573
16163
25407
15056
13470
8483
31607
17351
33
31144
30209
10263
13986
3593
27248
10844
13414
7500
24635
9851
20167
11313
31413
24012
32716
21107
8512
20095
28668
27978
30654
6712
21108
23348
15177
16381
18232
9461
22308
11602
14279
14300
17905
27298
25074
5449
4900
26337
1261
7020
4279
9840
25767
19279
5408
22849
5975
12311
21888
7227
20823
19335
12317
27104
9014
11205
31506
32301
24073
3681
11077
12737
4609
13459
26522
4162
23363
19652
23654
11773
28915
5456
25383
204
10898
7307
21106
16445
28555
16898
2604
4336
17672
23811
4093
32577
28170
11359
20482
3367
20921
29550
21954
22364
7161
26708
4452
5567
19517
22403
32031
31478
9888
8321
14065
14167
15154
28652
25236
8969
30607
23227
26542
21350
30391
16070
24648
8100
793
3209
19329
22709
32497
24100
22659
14443
9940
32679
23991
19424
25225
19597
20533
23829
6171
1670
20351
8153
13612
2426
6510
9709
25228
202
31340
24165
5643
473
3556
9297
30347
12235
25335
8349
18009
19596
22897
822
18365
23316
19195
22382
20431
14058
21650
30626
31629
17639
21559
25626
15147
8509
28392
304
10154
28344
13008
181
22188
11075
10683
31376
8327
11693
28620
30888
3224
12461
8818
31237
22490
3876
15256
12594
18870
5539
11548
485
19229
3373
20611
481
29653
25406
32491
284
528
4875
25920
23837
28739
13324
26803
9129
7477
20920
12136
18590
14935
28816
8559
29471
29779
25694
30198
9713
2535
23487
8381
18213
17652
17631
13258
19192
2514
28548
2397
1527
28903
4174
18982
27239
7800
2365
9142
13539
19646
7027
17204
19527
15421
26171
26705
22733
32337
22347
9341
22134
19978
28742
6748
9900
27449
1413
20851
25893
11211
23063
29224
1034
14166
15622
32233
29529
8434
3036
22443
22408
21322
15974
12438
4971
755
24504
11518
10583
6908
6257
21910
14216
22470
11841
10464
5056
1045
7336
24808
18993
3176
11008
16690
925
23686
9149
241
5820
15194
4340
9593
18654
6400
8730
24823
465
800
7951
18784
30469
13179
3162
31655
4590
27843
25783
32563
5546
6576
3023
32144
18404
25168
24134
8805
8440
11167
762
14246
18263
13655
24970
21002
23086
18953
25110
8640
20290
13677
23110
15198
26654
29943
19342
27930
625
22186
22192
29756
18354
31281
2178
9939
5
26668
25585
26023
3170
13256
19782
27248
19444
23186
15016
17989
28863
22157
19938
9303
1926
5761
15207
9439
14060
20631
8851
25685
31193
25379
15156
739
22815
14273
31817
16409
26718
23715
8202
32482
2597
18473
10536
17847
16217
31410
19797
3858
1499
29363
26887
32294
2661
9990
24697
19405
12725
31620
4595
32706
15598
25557
15692
18960
3387
10375
1197
4298
19125
606
27287
1533
29319
32747
28968
23011
4175
26976
16026
23897
9928
5795
27404
10387
2983
27553
23429
6671
15042
28389
20022
16839
25719
11881
31743
3243
15180
26284
29493
17486
17619
8196
4003
14048
12753
13878
13262
7004
414
32324
10110
1538
29903
32390
16249
264
4883
27900
12946
7565
18523
26595
16354
4302
23870
7302
2646
12700
20123
20567
19818
27150
18560
62
20275
29043
18506
2609
13219
25226
10766
5381
5385
502
9528
10884
1495
18668
31858
14271
24488
2095
25800
26534
897
14142
26633
3029
28503
17355
18032
1969
19666
30064
7043
29108
23889
14750
19004
24325
26414
27606
29799
3404
2115
28187
331
24260
4525
9639
30604
23698
20687
12253
11856
13141
27034
25471
6561
24062
9740
29217
13843
29410
24311
15837
22438
18189
25092
14153
24557
23513
30967
22438
8048
19136
30261
2906
26192
9071
27267
8353
2089
28699
26640
3711
22332
21528
30390
10233
23246
30888
7549
3972
17611
15377
9569
32446
27311
22258
31061
13916
17830
27606
18311
10851
15858
13578
18406
16028
17806
17580
19426
10049
1553
2821
31602
16893
9684
5913
25436
31508
26711
17787
14513
4829
11745
20838
30102
22393
5735
31754
13130
9919
19375
15908
25957
19574
14006
14289
23134
4295
9294
21156
9552
2801
7435
18934
21758
3135
29792
3453
7188
14136
21254
12833
20144
5909
16541
25866
22816
19320
28822
5374
5102
7258
22096
17898
6425
2629
17537
17086
32422
11972
7128
8574
6743
281
19681
19862
12987
21293
12584
3183
16743
6861
32673
12351
10882
23314
24647
27941
3463
16929
25348
1141
4934
20245
24017
14929
23852
5178
30238
18809
31173
27004
22900
18787
639
8991
26969
14991
18097
8368
24180
11541
10203
18491
9969
13696
2864
16830
1063
9182
1105
1758
11128
12568
7516
6873
28281
5760
24613
32444
11859
17321
1219
13782
7786
9851
26959
28268
6716
14726
14056
8878
4747
19607
22522
17898
21950
15241
9152
20992
14213
1886
25352
18710
23484
1423
4663
32652
10386
6559
1164
16946
9194
11510
19625
11449
16385
22765
3663
17512
23377
30502
7529
11024
30646
3102
3660
32322
27856
16389
6973
14015
6568
22989
819
7216
22934
28801
17887
8472
16482
18136
24810
15110
25001
1290
29310
2831
10114
17634
25863
27259
31842
9236
2107
12223
19517
20690
15192
16300
8430
17562
3244
16101
24025
8530
29275
30614
24271
25750
93
18275
32306
25937
16326
10655
18009
20362
2890
12735
21045
4737
5376
2574
8501
29947
31078
19106
25192
17370
934
15502
31458
20208
1815
23897
19296
10261
29191
13999
31023
22647
32184
24151
15945
50
8104
12901
1218
5153
8213
9649
20834
11763
31169
12423
16788
8833
26355
14752
8318
21086
16318
2897
22386
26800
3461
10499
15749
31807
30655
6371
2685
18124
28152
30171
28913
26276
13080
24000
9131
24181
11752
4045
19025
18271
8914
20304
10565
26958
15081
24227
201
11656
31785
9822
26471
8066
5887
23755
9104
28664
11532
16794
18563
11836
29990
16854
6768
11215
24735
6168
32221
15918
9674
15611
30282
21230
21436
15311
30736
2571
21328
16274
4495
19070
31086
27676
12168
1293
3724
22425
200
6503
28532
14396
15623
4464
11080
6706
21263
9946
17092
12757
16929
18165
27844
7715
8852
2248
1030
12142
8639
18784
560
1620
29977
25192
11285
7922
2207
12026
21300
7253
27766
21173
20609
26673
17874
30480
7273
31446
18198
29421
10256
24415
29501
4210
23517
18477
12408
25876
24376
18324
28184
28660
3474
211
25007
29295
15526
25930
8050
14064
14335
20967
4578
14857
5563
8418
5292
27075
18574
938
14029
28466
4874
14623
26617
13900
16413
29697
5438
10235
17627
1448
30949
19056
12157
8438
8601
15291
1962
18827
29899
15000
1014
17207
12372
12684
14505
5557
12124
30769
9153
30870
30331
16078
14906
15227
19231
22571
23180
32391
23086
21924
18550
20244
12780
10619
5626
31909
4894
17267
7593
14876
23920
23450
29216
24366
6932
24422
26323
24083
28588
13571
5641
16770
28266
18668
2088
18140
7029
6585
24627
26792
7311
13879
12689
27967
23798
25022
25360
19912
10375
21183
17193
2407
553
16285
12678
14514
14697
11710
449
30053
866
14049
31599
27222
6880
14514
7005
8107
11205
8859
31257
22346
3499
21982
31668
3473
4554
19425
11463
29256
26652
30408
28852
28115
24512
4169
25902
1708
1693
19132
7932
15121
27719
6258
9209
8954
3110
32072
18016
28238
8917
7804
17734
4950
29384
1215
22120
16754
15410
17547
32039
27659
27685
182
21201
456
18171
31560
9250
9221
4598
10378
2059
29313
35
30815
21425
16214
26244
18903
4025
16175
31597
15618
21187
2485
9519
22274
9524
32330
7156
11364
21049
24826
25322
1457
18953
17326
23716
12863
31082
4003
32445
32077
14966
17179
26814
31055
17055
14163
25153
5511
12785
692
1111
12757
10135
19277
4648
9424
32673
7553
17625
26645
7684
6909
3763
24288
27362
5614
6529
27353
25612
27760
1081
17200
26566
14409
9183
16875
7370
9943
19367
7039
7055
3399
24666
13470
15562
3336
15098
2641
12598
23679
7849
24646
18064
2045
17863
10603
32230
16110
19035
24252
22290
339
28084
14424
30082
16754
848
31963
570
19915
764
23272
28443
5967
1597
261
32613
10189
13551
26540
14715
23725
25900
414
9702
14816
29295
18043
32669
26903
4089
19344
14723
14643
6772
24304
32050
12797
11479
22726
1783
4120
31881
5865
797
15668
16585
22193
20591
6275
10573
24842
19448
9073
10281
15558
2573
26256
4851
23352
8334
8913
24357
29438
26216
8954
32194
32030
19550
16724
6717
2133
13066
30116
16534
22187
25118
32605
11974
31051
1264
20
21853
24210
20534
6708
19306
1638
13581
26611
14747
20681
17729
24197
165
6829
11464
29071
7910
7434
25743
2782
6473
16943
634
10841
27499
25942
19110
16948
17148
12410
26097
9063
2663
3181
25020
3679
1717
22309
23791
15347
3246
21590
1598
29337
4418
3143
20395
31706
6440
3294
31564
3587
19397
16636
25935
32286
11599
21009
12091
20000
17458
18407
12408
27492
11699
23234
20498
12632
26067
11179
11194
1143
18038
22281
12302
6519
452
5489
1562
15555
7120
24255
31262
11819
10103
17254
16273
25818
19084
28676
13927
20361
19762
3898
5520
25843
14472
32186
7873
6281
18572
1185
16246
1894
13625
3592
17208
29061
5875
2005
31515
21298
27173
26839
32396
12990
30249
3091
26953
30327
7016
22104
15025
22231
19650
23066
14910
16636
14384
28029
1360
15704
25255
26287
10796
11946
15168
29307
29764
32045
27031
14619
19897
527
23408
17742
23070
18212
21921
25003
11903
28380
3116
24629
19105
22643
1451
47
14220
21607
19953
26162
28487
32047
15342
23164
29155
2090
20179
16779
11194
8918
26231
747
4345
12354
23289
21068
4700
31430
14248
3799
20281
11761
7455
11458
10432
11459
3764
23842
6785
6172
12052
26625
31791
6517
12327
27825
4259
17870
31290
31839
1571
11495
20060
17131
19429
26803
26632
12792
24783
16650
25093
25151
32641
14238
25227
7976
19349
4144
21159
20635
25637
10500
9440
14099
32654
14226
28443
11765
29812
15742
23484
26657
21511
18890
13838
23238
31108
23115
5605
19066
13054
29017
28290
11914
26462
13259
1206
24206
23977
8995
4171
15937
2433
18437
3231
23440
239
24814
31890
13041
32607
26914
9634
3574
6636
3046
1621
12322
2270
22512
3032
17915
10865
18204
19173
19040
8921
28256
16361
22045
15746
27138
23143
3517
29596
23048
22423
8608
15319
753
12372
5197
1899
26274
7733
15112
4188
27043
31737
11432
23804
22667
1320
4771
7345
25017
14583
4203
16888
22341
25708
13565
32170
19766
6084
10934
32639
26614
2834
6505
8144
28419
13864
28336
22177
30694
8122
127
9182
15721
10177
15871
19685
30469
20766
25241
4933
17562
20096
24400
18629
611
22151
28245
25769
6440
810
1237
32304
7861
16470
5910
20577
23180
3543
25282
11015
727
6268
13187
29947
17824
28278
21967
9121
29252
21250
11270
19381
22309
30024
6586
12104
10144
3714
14669
27909
32319
11104
4034
13497
20271
9387
13005
9491
24308
2858
5420
13992
4443
2754
27962
22585
9392
2272
27074
8249
11570
540
10513
14218
25796
27414
9807
24968
8933
6308
4367
17736
4322
29488
17188
23585
28234
31067
18614
10604
31139
21990
11926
8073
20827
3283
2767
22051
24834
967
29566
30132
11958
27059
22499
31819
7390
16819
28599
16269
29723
5431
13504
20473
18811
4448
6820
8561
5360
5037
30971
7414
3073
27094
23463
32692
5312
18680
11624
11070
25852
16371
28843
19226
8631
10512
31395
29568
4826
24296
25755
7519
16168
14465
10123
9121
1137
4281
5609
9648
8
23784
10177
29497
23415
5825
19720
25904
20848
32121
14894
18452
32519
29228
25330
15220
21791
29564
6010
10930
15906
31867
30627
17159
19446
19147
12438
2759
556
20483
14492
32230
4218
21077
32051
21436
4459
110
14177
20997
8533
31902
23112
20780
24972
9017
20475
21961
15317
4157
30864
25448
31261
10292
8054
27788
1643
10332
23305
1011
26388
518
2660
13084
19246
1340
25974
6663
15174
7846
21337
15420
16982
11439
31454
7950
8945
12259
16749
7457
27841
23195
11276
4906
1587
17373
22205
18934
32369
16766
30221
16814
15249
11657
5866
16985
22795
6885
4277
21922
19057
15665
23960
3547
5722
2035
19738
15939
15776
18674
17648
2180
8907
16864
1046
25472
1484
1340
7199
32589
26607
6775
5322
10878
27659
11606
28117
7333
1787
19607
29462
18966
5202
31703
5831
9453
9035
7347
17954
28498
4095
29486
27694
763
15579
18770
5848
12787
80
30235
29253
9370
6860
19344
3687
22766
18666
12339
8910
9992
17894
26523
17601
28393
21075
20064
17294
21367
4880
3383
7966
9923
23672
1886
19660
27533
15833
2107
15991
4106
24871
29760
24534
17893
4850
273
32268
7043
1686
14569
19837
14987
10930
19770
479
28582
8667
31891
11412
24451
13201
4039
21815
3359
18801
12876
117
5443
19629
10721
6430
17230
30650
12659
28539
25396
28744
31554
17123
29895
15735
7744
2441
9269
28232
29369
27288
11218
1105
8761
7810
792
30390
28331
10644
32492
24916
29886
9423
18211
13375
28045
2291
17733
30575
13182
12252
28817
30390
3690
17
6977
27125
2815
30363
9487
28048
24931
787
14071
24351
12058
27135
27711
29287
2090
8543
3253
4744
9085
23426
15416
25463
9862
13342
17273
30639
21544
13216
22019
3620
8915
7361
31097
27769
32240
14426
29215
10610
13951
4985
22684
31660
26366
25524
15615
24716
20109
1469
31487
12149
26449
18999
9095
27966
15382
1224
8050
29667
16696
4464
28563
17018
13507
17433
11768
2409
18905
30319
13423
18135
9044
10225
3146
1888
25005
25672
2912
7949
18461
25560
16980
28291
15617
6806
8218
2170
10627
10521
28342
19313
31863
25587
3399
17312
21635
25921
2885
26927
5507
23681
2311
3749
27947
4260
392
5027
2798
18532
24938
12242
3871
3288
3899
27162
30039
31302
18680
4117
32278
4920
31439
16835
23469
18898
29481
25983
9819
13154
6120
6193
23478
6713
237
28102
27980
25018
7134
5597
8843
28848
15654
14531
20958
5605
16957
8354
13593
6896
10537
757
23831
31054
16709
32319
2209
26036
22849
8189
25234
9636
3690
1753
27449
25407
8491
29984
4351
29530
29396
26486
15434
16851
4251
969
21153
22565
28641
29827
29968
12859
16310
1028
32206
21890
29598
3151
285
24130
27541
3843
21874
30510
23890
2446
26326
28474
25289
22941
22924
25004
20979
17878
16372
9334
16849
32458
26543
28867
24751
11301
516
31184
32678
23080
11138
26109
30564
23386
5863
24100
18992
29306
24385
10025
10024
22711
17747
31186
13005
29732
23610
3289
14530
21094
26961
1344
10961
15279
31569
16613
4399
29169
31933
12118
20481
28747
17789
11494
26142
16072
28616
5121
2327
11848
29768
30908
17013
4286
20857
17072
29249
16796
16979
6409
23242
4748
18472
21722
6562
28769
3023
28084
12778
21581
23042
5238
3023
21844
16133
28774
3413
28160
1416
12929
12372
19031
7375
29456
14783
12810
10768
3452
30252
25327
18717
28259
8081
28593
16450
2027
20556
30407
11121
24663
10087
17826
25244
28376
537
15403
8035
15013
28304
1132
9711
28749
15341
29325
29982
24908
19345
8451
16864
8669
1943
7428
16865
14608
8865
14142
2408
5916
1240
19656
127
17910
2606
7257
13140
2083
30183
31672
479
22986
16215
371
29381
2061
7149
30420
11644
21145
27248
9745
24496
19324
25481
22723
4582
26936
13186
6809
12128
32533
24909
5198
17728
4027
9928
4824
15600
11775
7743
3811
5568
24574
26930
18557
25041
14440
13401
19219
2611
6687
15590
28060
7754
23041
15114
8980
12918
13057
21946
12076
4594
16509
947
4928
18429
29388
32188
18313
17464
12822
9771
5268
7760
9064
2474
8434
15580
17415
23867
1842
25481
20229
7546
2060
27764
8467
13090
11487
12503
3734
16595
28254
25832
24573
32275
13189
27390
26705
17298
15571
25078
27149
11442
20403
29397
15921
29254
13883
8622
29074
25242
26392
9671
19572
6837
27081
3319
30810
25818
19212
11858
14365
24661
13718
12297
26172
22132
775
9355
11635
24787
22813
752
12175
17628
10024
32408
3712
10383
6078
527
2992
1151
19119
20788
12691
30493
27451
5787
15232
23865
30339
24623
12223
21446
17982
20252
24547
1758
13229
32492
17241
29190
26321
26607
24642
30130
9691
16609
13950
26124
14564
9159
24841
30449
13790
31258
24971
10556
18635
29735
18986
7496
19501
4022
14755
28336
17853
29162
23961
32089
7007
6248
28461
18355
5206
9659
24014
14907
31412
19704
7250
6213
28949
8349
17478
25080
20621
18623
899
23450
8927
25701
2050
6670
3312
6703
24050
14490
15739
7227
29703
7150
13317
9032
14868
26210
29716
9500
3548
384
30876
18980
27174
24770
31674
26203
3087
24988
26276
31084
676
27837
32225
31259
23728
15507
7605
28897
26835
27917
6880
9686
15316
14500
7048
26069
28984
1692
31859
8922
23060
11911
5753
29614
3615
5388
30777
14023
4875
1510
26636
23657
