1882
6410
4194
2975
5129
8261
2276
3649
4268
5143
4334
8724
432
4760
8006
3431
3271
2080
5337
1473
2831
1236
1330
483
389
291
1451
8285
9574
3872
8243
3988
4598
4512
1152
7010
2180
6279
6151
6207
4430
3838
7738
4063
9729
3496
8209
4108
1380
7476
7852
9910
5157
8613
7736
7639
6340
3937
4112
3963
8431
8807
3510
2320
8429
5605
754
6571
9967
777
4074
9548
3460
9958
4451
2098
8604
1576
2295
6306
2655
8492
1991
9108
2143
9482
5091
8126
9307
2740
7143
565
742
868
5112
2529
2919
7553
4832
2209
5026
9714
1430
8479
1287
2534
8962
3093
4457
531
7711
8640
3906
7358
2018
4467
3013
6058
8330
9791
8404
2020
8312
4050
4051
527
6433
5422
7677
6955
4545
6940
2037
7868
5474
3888
8976
3176
1246
1471
1137
5936
6546
3038
7540
2274
7683
8316
8975
3983
2565
6563
1110
8601
874
2843
4047
5071
8264
1280
5141
9148
4846
5172
432
3437
871
9976
7653
1154
7840
1352
7242
6790
2759
4740
1565
5714
837
9910
4917
8479
9246
145
2201
5275
6341
2294
8400
9678
8805
7533
6121
973
638
1010
6092
1438
2461
5950
1279
5549
3535
6552
9518
4446
3255
9531
1285
6117
6046
8202
7712
7123
8298
8321
2053
6337
5555
9149
1232
9106
5361
1087
8719
2467
8922
5485
4111
311
6955
5402
3879
3105
6916
5048
2227
8144
9577
3738
3140
6194
1671
6302
678
914
8756
3883
9410
2052
9305
9848
4181
8772
8180
461
6641
3481
9417
9326
8802
5311
2938
1397
3380
3141
9287
4511
547
1172
2375
2538
866
1858
1559
9788
6352
7670
4290
1240
312
2492
482
3293
4265
6443
9381
6416
9189
7062
8404
1883
8157
9584
1937
5846
2237
8179
4047
9541
4404
5778
8006
3346
1031
6061
1654
92
3719
3093
8748
9807
3632
5393
4691
9782
3250
5009
1261
4095
8501
7761
419
510
4921
1392
7353
3973
5740
9473
7316
6131
176
1025
1936
2426
4108
7723
622
2181
3745
8008
7851
5081
9376
2763
1335
6539
4890
2476
5220
882
6776
6099
1021
3951
8284
1352
2761
1547
7544
7016
1776
2735
686
5563
7037
2122
9559
1731
8149
1342
6616
5591
7495
3100
2081
882
836
3250
6616
9205
5601
242
1814
2404
6794
7876
1120
5200
3610
2111
4137
7840
5592
276
741
6998
3588
4251
753
15
7715
3634
3426
6906
8215
450
4652
1997
7410
997
2308
676
1388
1718
9783
1900
8115
7655
3819
9328
9987
8057
2071
2177
727
2759
6063
1451
9278
2244
8355
7701
3825
6502
25
2601
2420
2563
55
4325
7994
555
597
3025
670
4326
8611
2386
8080
5584
4919
6943
4925
2321
3498
1762
163
4962
2659
4001
898
2845
8627
4190
6470
1556
1475
6747
2693
7109
2395
354
1620
2397
6565
1972
15
7002
130
7632
1880
5349
475
1910
7792
5616
6170
7069
676
284
4681
6546
5417
575
6203
386
4971
100
9290
7465
6259
610
305
1308
7271
8386
6203
2820
6790
5387
6236
7372
7428
8640
223
4909
3667
7501
5135
7304
1763
7358
1033
6100
2747
3265
242
7624
4136
5900
8661
3531
7749
2898
8016
9914
3260
2850
5792
4299
6844
3968
1657
2847
9196
3000
3114
44
6734
2545
6577
8716
2248
671
4299
4800
3599
9291
8271
4282
2564
1350
2300
1609
3668
1579
8127
4870
6155
4277
2522
7487
5128
3314
6721
6801
4375
3974
7318
1003
8587
4162
1208
5217
6442
2711
1816
9902
9934
3110
652
238
4344
4073
6599
2411
3464
343
536
6374
778
852
5570
5816
6771
8999
1820
714
2253
2961
7450
6594
992
6314
3644
526
5217
4590
9062
6550
7279
6952
576
5805
123
318
7166
5608
8456
7885
738
3363
5748
2150
7792
608
1541
2681
179
7569
2071
9361
7342
3512
2053
737
5798
4333
4935
2653
1806
9472
6875
1900
9603
3871
1574
1564
3289
2154
1836
7286
9829
9045
7935
2979
6797
2766
8309
3792
3388
3551
2397
1198
43
806
8355
8014
9644
5060
2978
4635
3960
1283
9065
1271
3821
4988
8625
3451
1776
9191
6974
1097
1737
7059
772
2308
3871
3849
4427
611
3105
1884
7286
6193
7815
9876
49
3737
8296
2636
3290
736
6957
4184
1602
2771
7686
3979
2227
3011
347
5144
4643
718
7686
855
3178
3264
9519
5002
3585
1962
6584
4528
7355
4529
9371
2778
3000
2346
2160
2957
2536
9781
3139
6567
2413
3575
1254
9941
4356
5277
8707
7396
262
3629
36
9847
7865
8671
3462
8025
9644
4445
1147
9411
8708
7783
5407
8384
4944
3289
14
8958
9475
3057
9604
8104
1299
2476
1877
5170
782
6672
3006
149
6653
9551
3979
9420
3035
1050
7403
4302
1111
740
2480
3197
8471
7225
7532
8989
1024
399
7929
6777
52
4316
7127
9123
2700
6040
5275
3466
5526
7780
1381
2721
5744
4283
4771
6462
8982
1544
3957
336
1128
4072
801
9589
335
5521
4872
3706
5489
4212
3112
4052
2307
5935
5699
7839
1231
6917
2768
133
871
1650
8417
6785
2408
2474
501
2133
5954
9297
494
521
247
977
2997
5492
706
3335
236
2303
8298
6878
2837
7160
9767
9985
4530
2053
6149
2763
205
6443
8422
5489
2376
7437
6157
1010
7623
792
7992
4846
8061
8831
6429
8533
4948
9314
5321
9953
5649
4132
1284
3863
1671
3981
9753
5466
4811
7453
8581
81
7336
707
9742
6201
9044
6589
1142
8397
9890
1073
5695
5654
2458
9899
2274
7134
9206
8199
8171
4361
9582
9201
919
8406
854
3899
5072
1074
8646
2079
2600
5919
8442
8902
8485
4851
5115
4041
6156
2611
6655
342
2385
8881
396
708
5021
483
83
794
8737
2471
9722
4334
1082
4292
618
2266
629
2434
123
9091
1381
7869
6172
9580
1027
2198
2039
1944
166
8778
5636
4704
707
3079
573
7828
9318
2829
5795
7253
3058
7121
8511
9778
293
4152
2331
401
8512
2097
5314
9537
8277
6836
6004
4493
7537
8698
9407
339
6781
4268
1851
1766
6031
4801
3668
1250
4455
1730
1854
3694
8199
849
6532
2598
7249
8394
2961
2201
136
1240
6739
1280
1280
4266
6252
1361
9207
664
9867
1618
1480
2529
8682
2338
7517
6454
4041
549
7125
8061
6604
4974
9479
3118
9121
3282
9750
738
9540
9226
7941
4574
598
8377
5789
458
8059
7711
1020
7942
1443
525
7152
4783
4043
4266
885
5679
5269
7654
1435
7699
3989
7453
3243
4785
830
6366
5771
2681
9164
7308
9856
9899
5075
8932
9076
7945
8168
1504
681
3471
6911
5228
9629
1104
9749
6903
4574
1507
7374
7917
591
8142
786
1762
2395
9169
9891
9809
697
102
66
1014
3137
247
338
1705
1359
8113
3389
7740
5221
5416
5495
7942
1078
6571
7680
34
816
5434
5133
737
3513
4661
9369
8967
9790
6518
6520
1157
9015
5585
5004
3650
7759
43
236
7807
1955
2889
8897
1851
9929
6107
1171
1541
3843
7881
7012
7712
5636
348
7002
1708
8226
3072
2179
9938
380
4008
7381
5840
926
3331
644
2790
7491
6174
5063
3472
7595
4746
9932
6309
8349
4799
3291
6783
7678
3969
825
8268
3314
1602
654
7700
162
5272
25
3212
7375
2976
1122
4411
5734
851
8176
1979
9893
2456
2636
2818
2412
2235
1798
5089
584
445
1495
8477
4204
2619
9495
3228
1921
8707
2975
9010
2160
3700
8241
2669
6701
7221
2839
7006
150
665
7162
3497
779
1330
1684
9550
7953
1684
935
2601
2226
8923
1871
4854
7992
9391
3462
8394
2250
871
7303
1054
8933
4108
3301
4317
6382
1936
4076
1648
5527
1374
7224
1128
4224
6003
7381
2492
400
2733
1079
3059
9892
7507
1420
9268
9944
5926
4302
2764
4420
8695
6188
1600
8136
25
1740
9507
7163
7543
5594
4251
3392
7657
3588
7391
858
5539
2425
1123
7810
1103
1567
1112
6758
8701
4660
1885
1140
1639
3655
5147
9576
778
4168
3535
6530
1058
8461
7257
6347
324
7367
309
9913
9202
4309
9079
2338
1467
7655
1741
1182
289
7333
1216
1487
9167
9792
9066
5605
4795
5993
2014
4349
8808
9458
2101
1050
7359
5666
3621
9495
1791
8589
3207
364
4546
3042
3416
3039
2242
1430
1296
3388
9868
610
8258
3768
6963
4233
8451
931
8664
1389
9647
1932
5242
9490
424
505
5160
1154
3392
3191
3150
7666
8681
5727
7232
3509
4666
6666
480
3024
9093
1942
1654
7534
1399
9849
8145
1845
3872
421
2601
7209
292
1005
1158
3679
6753
6647
5702
5557
98
5042
1467
6688
355
6090
9652
2261
5829
5178
4030
9228
6788
1761
4617
6002
1304
1465
159
1246
5977
9252
6499
1959
2166
1271
7335
5123
8920
331
1840
5107
3234
3681
4574
2493
1436
1718
1974
4218
8641
1560
6594
2210
6693
7944
9965
5044
1835
1376
1847
4731
8837
7239
3568
1437
525
1762
1474
8901
5412
9822
8671
8868
9338
8763
6157
5603
5789
7515
447
4364
805
9819
4343
4426
703
4689
2216
990
1128
3367
2817
1044
573
4375
326
2581
6593
4232
8209
9309
7071
3559
138
5968
5376
969
5138
5753
6862
3024
9094
515
7066
2220
5906
2012
3068
6372
1972
4071
8825
550
8531
912
9961
9755
3840
6853
7562
4222
9099
1555
9855
9087
729
1135
893
2002
1828
4663
8759
2429
8020
3320
8136
4819
8541
320
4226
2010
7609
3510
532
452
4151
4281
897
8188
1715
4087
7663
5535
8169
1136
2077
4125
2708
7465
329
7359
9004
7733
2400
2860
5104
1793
695
4695
1967
1150
5898
5259
813
5205
595
1002
7300
7542
2397
818
409
9714
4329
8529
5297
8922
7169
3802
2724
5351
7931
5256
833
2347
6593
547
7074
5015
1231
9953
7296
8287
460
9950
9354
2347
7628
1775
4227
3535
3060
8964
5850
6462
9264
9052
1133
6074
9219
7885
1360
8015
6685
468
1179
9569
801
6362
5666
2130
1127
9720
3641
9193
8175
9020
6007
8192
6216
9980
6410
7084
2144
1354
1116
2658
140
3977
2181
7432
1898
5247
1888
4282
5541
4332
6370
5215
1305
4122
8697
3419
7112
1381
5969
3317
8893
8348
2397
7132
5214
9
9492
2229
1255
1357
1529
5000
8901
6736
7407
1517
8463
3240
1517
8577
2188
5367
1359
1549
2273
9514
7294
3688
3578
6111
1713
9324
7580
5687
7923
3623
3912
8349
502
6691
4354
6981
8488
4711
690
6248
2709
1599
8362
5551
9070
8154
1354
6958
793
4515
2993
2867
361
1651
1957
3343
5231
9556
4325
6197
5297
2185
4172
6976
4474
172
3288
3642
3938
6920
460
5226
911
168
7859
6045
6683
7567
967
2440
1785
4810
5105
4685
2883
7778
6881
9069
7813
1111
9872
2445
3311
5706
5523
8891
5063
8825
5027
4163
365
1281
8059
4637
1763
622
1106
457
1501
2503
458
4478
2837
6808
5368
4575
387
6447
2789
2000
443
7531
9012
6103
8534
7138
1765
5350
8389
787
8889
472
1875
3051
8679
9242
1947
1115
1839
7468
2283
8713
765
1224
2151
9638
1199
7858
4481
9329
1786
7408
2727
6042
9963
1788
845
5033
970
6936
4733
7872
9315
210
9276
5854
5176
2056
5071
1782
7217
4861
2797
7551
6022
4621
2087
3341
4062
6189
9013
928
5785
1590
2275
8619
523
1524
668
3544
7177
9722
1302
6650
5865
121
7759
610
213
9888
4437
8135
1217
597
2892
7664
174
7637
7467
9939
1613
1401
2216
4116
7128
1866
8086
918
9149
3670
1740
1349
7628
5267
5000
1831
3219
1588
3060
6608
4120
7802
7511
5973
8471
4508
191
8836
7597
8730
4509
674
5556
5502
4561
1828
7967
1044
6089
7811
8345
2299
3876
3801
2137
9996
6892
1185
1177
1707
5923
430
9799
4653
8684
7546
427
9369
5630
915
6938
5681
1893
3233
1019
6835
5369
9834
888
8490
1907
8921
6807
6123
4669
5245
8185
4749
505
5086
1890
3912
8709
9798
7819
321
2045
8781
4725
4293
8993
3813
8351
1765
2457
7287
9945
6688
1735
9502
5513
1831
5324
2018
46
189
2253
6696
3060
7997
7991
1432
5399
9041
1553
6958
1324
7408
5841
7590
284
4103
5073
8578
5186
1275
8739
3422
4935
990
9603
2262
4667
5249
5820
2390
1463
793
3614
3697
4481
2629
3967
102
1328
8110
2367
5296
8353
3375
784
1101
2217
2728
1973
3554
7836
2302
1898
2509
3709
309
4389
683
5446
2880
2572
9003
2347
5032
743
7394
7210
9164
5511
9120
2725
1240
7911
1027
2292
2873
8978
122
5220
1503
1110
2685
2661
3956
3863
796
3571
2620
8662
1861
914
958
611
42
800
8482
1713
4530
1973
2539
5562
1262
6686
4263
8258
7663
1419
2644
2224
214
6341
9173
9978
9980
1988
837
5185
2051
9712
540
7229
1260
1175
8432
8506
139
8350
3054
7907
4680
8235
2553
2285
8520
962
2114
5720
7083
3823
4920
2017
615
3284
9122
8315
581
7955
6875
3344
6490
2446
1324
979
4409
6764
817
679
8678
3343
3605
1253
7486
9732
1727
5242
6566
1195
4369
6991
6769
3560
190
8477
2550
3336
2141
4705
6929
360
8715
5516
777
4435
5173
1342
5202
5258
4646
1252
3188
2009
4094
1456
955
6168
3604
1992
5824
2607
781
3777
8728
6189
8270
2493
3692
1675
6430
3810
4297
1580
6799
8574
792
6232
1391
3064
4833
7433
9178
1273
1483
8469
4194
7066
3159
5982
8289
415
398
5543
2974
1093
8872
6008
1695
8040
8159
3059
9294
5304
6323
8887
8127
8013
1631
741
3921
1433
2860
8337
5763
8716
2293
6427
7144
9950
5002
1887
4142
4696
841
2698
5516
4500
409
3279
4026
4326
2057
8441
8213
2171
6713
2129
2419
4562
7607
5985
9651
7815
1677
1754
8473
4023
6328
7475
4665
4209
5756
2564
5010
9338
5223
194
9310
8404
2147
2539
918
7488
704
7284
842
705
2002
4353
3186
5875
6710
5110
1807
1356
6506
203
7941
9026
5214
5557
2045
8333
4758
5427
6838
6846
9761
965
972
2223
2959
9828
2444
589
334
8014
3942
3284
1557
113
7732
1002
1685
3610
2090
4511
2637
4942
287
2483
862
2504
3051
3049
1406
2164
2753
1114
5424
3068
3455
8685
83
1618
3539
853
7466
5869
4449
60
5884
2695
1618
1455
1725
7638
8543
5817
3725
4265
8190
84
6095
2502
7788
7933
3469
433
748
5736
9626
2447
5423
3829
824
6956
1860
2433
3995
3978
3938
1727
7246
4124
8660
2904
2468
162
3844
8817
3490
4133
9819
2748
187
4853
6535
338
1548
6624
1534
4000
9001
166
1875
2543
855
5323
1623
1944
2107
7821
8625
5063
9043
695
9233
719
6004
4806
6385
3135
4020
313
9901
20
9929
3982
1445
3695
9073
1402
4080
584
9395
9641
3523
6419
7606
7704
2531
162
7665
7998
2135
7387
4739
4674
1970
7196
1940
7545
3663
4476
1931
1775
8653
1139
257
6664
381
9212
2309
1399
6682
2634
338
6639
7417
6970
7951
6584
8081
4792
213
2997
2732
6564
6166
7059
9294
8789
795
2244
7814
3550
7743
1757
82
2273
859
333
4776
6946
7585
7519
5891
8685
3341
4817
779
2411
7752
422
2792
464
1279
889
8855
9304
2452
3124
6350
8884
9539
9583
8381
7151
6504
2236
1989
3751
7871
6467
1774
9192
5132
1098
3748
2506
1900
5719
1009
5342
6779
4713
2209
8740
7143
404
8049
4562
8325
1339
7609
6096
9891
898
5084
5383
1630
8388
4894
3899
6645
5507
4854
2630
6941
511
8852
6488
423
473
4612
604
2095
5384
2899
876
4997
9852
8033
2903
1345
4448
3032
4898
19
5413
9517
6125
9369
7965
8644
4135
8981
9173
5976
3413
3374
5639
828
5487
8070
5327
5499
4651
3595
5404
9687
2287
8482
2665
3936
9905
209
3933
1907
4993
4539
9168
677
3337
8802
3615
8576
3875
1431
2609
670
9308
390
2331
4787
1288
449
4416
528
6182
2313
3709
1188
5317
8756
165
2758
7223
2603
2777
3473
3013
51
6090
9439
4291
1839
561
3817
1158
8692
543
173
5859
4013
2400
5170
2601
9616
1462
120
5506
6576
739
9811
2006
7892
6023
8906
9825
120
9931
3531
6982
6835
7996
6849
4036
5993
7228
7288
2024
210
8358
4832
4690
5867
1937
9136
2300
6843
839
413
713
7544
2902
7916
1323
7179
1798
6964
7688
7185
5852
1672
4621
4387
6286
1363
931
8841
776
1860
8369
7419
8255
2397
5202
408
1301
406
2953
2618
9276
2183
434
9209
3645
2726
1931
9887
5867
7854
2403
8284
9732
209
6113
6956
3016
3310
6648
6325
2637
5270
4554
9893
322
796
106
2156
8515
956
6823
9413
3084
8078
6614
6699
9618
4186
8350
5738
30
973
570
739
2267
781
3034
2468
7058
426
8940
1687
211
7974
1866
7498
5303
9830
2659
3999
4180
3785
7566
613
2001
8152
4507
6902
6203
3263
8637
3666
5671
9292
7638
237
2888
517
3889
2532
7939
7854
7798
3766
9633
1451
1289
8240
758
1171
7732
1657
9328
5686
1302
1584
5345
2640
2684
610
5825
4718
3935
9057
2061
8720
1294
9761
2532
336
9645
6277
308
2611
4830
9769
8545
973
5199
2113
2134
4970
6901
914
9263
8938
5544
9679
7557
876
254
8680
1339
1566
620
6510
8058
2580
3610
665
8104
2183
2663
3741
8398
4656
9421
4202
8857
70
8437
3860
7232
4948
8894
3155
8024
2382
3035
5931
8197
2373
6875
2030
5411
616
9229
9840
5940
3294
1666
7132
8010
9026
2229
2486
4326
286
4265
7168
2914
3291
3
6368
1741
7768
4680
5362
8389
345
5143
3354
1945
1282
8282
4413
3903
9700
9993
2081
4804
6230
3087
3410
2162
9320
2865
8214
8103
4277
5373
1603
2868
1751
5823
47
6466
1967
1306
1817
1868
6484
8469
8646
8601
1931
7987
3486
1416
4905
7304
2712
8866
8630
1576
2115
3674
8082
7714
8615
6552
2204
6526
6043
1302
2048
4291
3448
1802
3488
6364
7934
1478
4407
1004
486
7548
7754
2815
5895
4054
576
5250
429
2997
2371
1382
391
8232
1351
9617
6128
9920
891
358
9088
2305
1806
2422
5411
8796
5684
759
6427
4507
9817
436
4002
1595
2357
8437
4962
9425
3152
2080
3144
1655
2279
64
2054
6422
6192
1109
1336
5272
731
4508
4938
9774
9674
9697
2920
8079
6546
1474
8374
5906
8370
8613
6305
3134
1220
2765
5766
3872
6258
5737
5217
4414
2282
8494
5448
5866
5157
8886
9577
328
5060
5464
3393
2499
8092
5290
479
940
1476
7733
2153
3205
2284
9848
957
9677
2768
9792
4522
2477
2845
1094
2992
5971
6484
5320
1749
8460
125
9341
5402
2392
9085
4723
1550
6312
4987
7004
737
5483
511
377
1739
4362
332
2612
7965
3856
1760
9588
280
9054
6890
2717
6494
8910
8091
5271
502
3766
5696
257
7043
2191
959
5396
7639
8551
7615
636
6628
3236
5565
789
2243
4378
1245
9538
9321
654
1438
7236
2151
8924
624
1032
497
2630
3258
3618
1313
1150
3031
7418
7484
1735
2401
2836
4421
5286
8722
612
9233
2542
1494
5361
539
8685
309
8489
697
2945
1375
6661
4847
8911
4536
2767
7922
2725
5543
8945
6623
8718
1546
5232
621
9222
6380
4009
8561
5791
9306
1051
1617
2403
7794
2101
7402
2522
6604
3185
2517
8719
5789
2337
5912
9038
8442
2201
1978
8833
4843
381
4473
7772
4448
5036
2335
2437
9432
8125
8481
9144
4159
3001
8826
4169
5831
6794
5368
4331
1931
8114
6118
8321
1840
3743
5722
9139
4877
4382
9551
1251
6765
365
8501
3889
3202
7861
488
7052
8268
3240
6511
7625
4634
9975
2357
1545
7152
5767
877
4054
7418
3621
354
4446
1328
4744
253
6708
170
5750
1211
2627
8790
4649
9645
4148
295
4435
6625
8322
9776
720
2273
2252
4802
1340
4619
6123
5171
1429
433
372
2448
2513
2226
3216
7923
1443
8313
9050
1672
9674
2276
729
269
6762
4440
1599
9240
9647
4274
9393
7182
9711
8225
1080
2528
7232
1075
4614
3480
6730
605
6237
1894
1758
9023
7565
2708
6024
1542
6669
528
1984
7284
8444
9035
9079
557
792
4573
5312
644
8527
9419
2669
7958
2596
3932
6412
2564
3316
7545
5169
6327
7801
2723
789
3407
5551
4169
6751
1645
4341
6137
7139
1681
3782
951
8984
4662
7784
4621
175
2157
9109
4530
5360
9592
9561
4461
1799
4680
1947
3003
6319
5368
2720
1856
429
5564
3115
8203
4129
8692
5577
6156
4824
2901
7101
5898
2710
90
1831
5968
2674
2759
6875
3497
4098
9614
6239
2284
4313
9462
7044
7369
4766
2793
153
4
1198
2124
8556
2577
277
2820
7091
2033
8889
3127
6650
7324
4264
4705
6461
3456
5411
1768
5449
3640
1274
4578
5630
2128
3498
8166
3031
8328
6709
4800
765
4440
545
8937
8057
9699
5091
5302
5401
9007
7341
5455
3029
6084
966
7507
6706
8482
681
3258
8038
7992
7057
6635
3933
1442
1363
1264
6684
2675
588
423
8420
692
8381
5529
153
7691
1780
9168
228
7807
653
4965
4725
5978
3448
2024
6333
705
7709
3284
5739
5921
4925
3537
9926
4234
8539
8444
5434
2912
9228
3220
4022
7007
474
3414
5733
8239
6863
5820
5564
2952
688
417
7044
2680
2887
5688
5079
802
2646
8814
7537
2506
1673
3100
7279
1071
3659
3074
3531
647
4924
657
1675
6497
7825
6087
3574
8743
4636
5024
5832
2755
1774
5323
1480
963
3770
7691
6952
7712
3036
1567
9229
4699
4634
8741
2241
2473
3978
506
8645
4897
1588
260
2522
2227
5593
724
337
5708
5476
3846
8033
5479
5167
6875
3578
4086
1130
1129
1928
6929
4424
6945
42
1326
7226
3938
1491
5521
1984
5308
2497
9318
8140
2391
8140
3821
1402
949
6737
5813
3070
4949
9600
7021
3516
4249
2306
1639
6077
3627
1487
2205
976
9563
8783
1384
640
7772
5983
8319
1557
8496
231
4973
9581
241
7145
9159
4268
5138
9676
380
8882
3829
9467
7693
4700
3070
680
6158
7501
3943
5844
5550
2095
8789
9379
8516
9380
4924
5403
9994
738
303
9342
335
6991
7066
4121
9911
136
5347
2876
5366
456
1582
8074
2670
5224
8176
675
9284
7602
902
9489
2761
266
2136
8111
3768
1263
136
945
699
5566
7407
9680
5747
3688
26
7924
3240
4645
2848
711
4141
5881
6600
4599
7080
9590
856
8316
2833
4658
8929
7340
664
4283
1866
4683
5596
4648
985
9767
6074
7937
1241
6211
1730
4610
8041
609
5632
3132
897
9910
7481
3788
1179
6953
2612
5392
4383
4748
3260
1959
6974
4126
7107
3257
2228
2847
1561
3975
3416
534
1085
4980
4150
4560
6212
2468
1167
8506
6296
2324
6431
6784
8034
1658
9375
7319
4746
990
8475
9000
1662
1641
663
542
8194
1532
5614
7011
4935
8693
3436
3413
8959
5214
3228
7167
3456
518
2292
3909
999
1413
5600
1071
8622
6442
6380
1082
1681
6134
9302
7995
2078
846
147
486
3820
381
1937
6702
2557
7097
2652
4542
8406
9623
6485
4359
3438
865
1600
3387
997
983
6541
2089
6712
2244
7450
5130
5410
4738
2247
2700
2117
1104
1177
7660
7673
771
4787
1033
2516
8027
7202
4327
7467
584
6680
1586
775
7852
7643
2243
4108
1315
3839
1512
1638
5408
6209
622
7253
3177
7445
3042
7866
647
5107
8969
3394
9526
6973
2541
931
8100
2661
9145
6901
5704
5789
9414
9187
7440
4574
1751
6401
7920
5756
4433
2913
8359
3578
1920
5713
1988
5946
230
4518
4857
3352
2821
9487
4239
520
7807
7939
5547
829
4108
6797
1215
6699
764
8105
3363
3839
7453
7743
9398
8078
2767
224
1296
6075
422
1390
8634
8013
8896
1905
8592
2928
9128
7175
3893
9435
4074
7243
840
178
8600
2730
3046
9820
3676
3298
9903
8024
8095
716
9582
267
777
6827
3267
3053
5193
373
275
5894
3256
34
5555
3683
3770
5939
1632
8637
6469
2724
531
9244
7972
1301
9587
6471
6846
3477
188
1471
2227
10000
9230
5469
1686
4460
3865
2233
641
9774
8232
8285
5414
3554
9995
1065
4130
7354
5833
5032
9703
5670
4485
3859
9082
2901
625
9956
3017
9227
9584
7966
8833
2996
6033
4347
4463
1193
7689
5862
8838
7728
3519
3098
2593
1752
2238
5050
1865
181
727
4739
841
9240
5877
991
7520
3411
2869
5563
8358
1308
5077
7515
8403
896
4604
1245
7037
810
955
7323
3360
8932
6851
1925
1602
1325
7622
2286
9063
5275
8546
3094
371
4003
8428
4904
7615
8039
5497
9492
8622
2351
8659
9568
8463
5915
3721
6955
6917
3432
424
66
4822
801
7561
3878
2673
3608
331
6717
4852
1749
2915
1881
5597
702
3632
998
7967
7480
9076
9927
7447
2397
1168
2564
4207
1294
4623
7021
6738
2122
5095
370
7041
4544
7451
1749
2854
7346
9556
9584
4328
1435
7152
2100
1710
1954
1835
9201
3143
687
3870
4269
3593
8893
1222
1615
633
1296
2711
7899
1482
1818
1120
115
2569
7929
784
2011
4313
8690
6105
6029
4090
1028
1508
3967
6256
2246
1157
7810
3681
3171
7072
1900
8174
1160
7980
3592
8710
1210
312
797
4023
2093
6891
4012
8230
8675
7680
5886
2641
2897
5794
1262
9476
4409
7620
1378
7433
1779
8565
719
9923
1469
5569
349
4652
5925
9451
6505
8141
4580
6682
603
2351
5469
4113
2375
6816
3830
3492
1047
4712
8167
7752
7785
7324
7553
2362
5749
258
9857
3267
9122
2646
4836
410
1897
7148
2861
8650
1193
7368
1509
773
6957
6811
3570
569
43
2622
1467
7731
7151
820
7339
4418
9240
443
1925
9533
9408
403
3191
3319
2577
4130
7393
9569
3574
2135
5207
4673
5792
9101
4821
5698
7643
98
8196
4588
5760
1449
5146
2373
4764
9150
5126
1544
9329
5912
7244
1557
6667
5891
5901
89
710
926
444
720
7790
8434
4684
9928
9575
2021
6670
4264
7966
8334
3017
2273
8335
2298
4986
5251
9208
1933
9183
2659
4590
6781
2559
8859
5519
9868
6749
9954
1512
2788
1852
5694
4471
2760
6580
1832
1876
3544
7461
6207
9676
1685
9116
1344
6638
1206
6596
2196
9482
4827
3503
138
9925
7600
6869
486
8706
7828
9132
906
270
6506
3273
3252
9995
4175
4662
2184
4864
8126
5861
5424
974
977
7747
8993
5142
184
2144
3200
9337
3070
558
4133
4768
1658
1271
718
5422
3156
3861
3175
642
2073
4620
7385
7185
6865
6267
5025
3539
7886
1555
5506
9277
4919
9270
6797
6687
2743
2053
5184
6207
2560
6387
8108
2454
3747
2349
9692
1305
1588
9150
5843
3579
3753
6829
5173
849
2900
7210
7705
1270
4754
794
9741
1215
9042
6991
1339
8642
8362
2235
6459
6739
6006
9974
3304
8079
4627
4942
5543
1213
9516
5087
1301
3937
1778
9092
4465
9475
1169
6876
3658
5951
6624
2544
42
2638
6761
547
2515
9509
794
3467
3337
4029
4011
4944
2576
3411
2098
451
567
9216
7379
4705
9718
1100
5115
7159
4500
3535
6751
360
6860
9384
129
5101
9088
305
9379
8061
3534
5090
9759
941
754
5925
7830
2329
3789
1978
4391
8531
8453
8604
1810
7371
4573
7284
2542
2273
8678
2717
8776
1863
1829
7895
3405
2250
2647
4032
553
3986
3683
9551
9249
4712
6111
1187
2766
2264
886
5676
4011
7095
888
6344
722
5399
2658
5841
7729
2232
95
389
7026
8529
9167
6182
6091
8799
1720
9010
3524
189
4490
7126
6455
7557
8199
559
317
598
2819
2001
4966
7847
5416
6924
3752
8506
1309
4651
4157
7556
4312
4671
870
6605
4481
1772
1029
3347
4234
2417
4953
1476
9100
7646
5611
6043
8275
6769
3257
5050
156
1282
7232
6282
7582
2976
9055
2751
1175
5498
1274
8095
5512
7363
3100
2515
4996
2256
5329
2751
2277
6180
3859
6223
8432
3774
4147
4995
4521
6225
554
2445
8474
8373
5057
6152
8784
4652
8206
2667
6215
1927
31
1950
344
9481
3324
7325
175
6364
4840
7658
7633
371
8840
8519
3950
1008
1000
5797
9284
1784
3530
8087
2196
4803
5888
6698
5657
3016
7900
6361
933
8616
2886
5484
9614
1257
9038
3968
3866
7351
9682
4205
9015
9814
6386
7092
5966
7675
2146
5320
1833
1052
3088
3615
754
9397
1446
9256
1758
1116
4418
7647
3146
311
2725
1614
3828
4908
89
1095
9390
6841
407
7856
6526
5781
871
2541
9801
7703
8456
1460
3906
2550
787
845
9661
1041
2187
5113
4809
3984
1928
2213
1213
122
5013
3215
3186
3560
6982
3688
8914
9290
4606
6794
8271
1529
6256
5643
4086
5084
3380
8675
1398
5087
5004
9002
7740
9761
71
4886
9457
4796
2486
3156
6806
8459
5646
789
6510
5095
4269
9675
5150
1986
8608
2995
976
3992
4388
9045
6302
4946
6332
6906
1597
77
307
3646
4359
107
3026
7446
7278
7017
4964
5444
4910
1328
2024
9256
7858
1071
2694
6089
6890
5049
4710
4996
3835
9323
2237
8340
8936
4177
2697
7124
7024
1994
8080
1585
9431
7769
484
7154
2313
5021
8889
6988
1052
7571
3050
2865
5446
5034
9817
138
7935
4199
6709
4053
7432
5659
6353
5456
556
3570
2131
4086
7126
6220
2058
425
8947
8498
612
7698
2761
5169
6142
2037
1304
4395
9133
9656
1648
9743
1085
9205
932
7989
9912
5213
4814
7582
3946
5264
4738
1211
258
3579
2743
4589
9403
6257
6675
877
5851
8253
8214
270
3724
550
5051
3535
3881
388
4074
1637
7067
4242
6305
5033
8358
4549
5957
6126
4573
4508
9443
8021
9741
2409
7179
3684
4089
4271
2464
9092
1841
1787
6265
9578
6520
4360
524
7865
5174
2382
1723
9142
3452
4683
559
2316
4822
1925
2229
1537
149
2878
4870
6057
910
104
7899
6537
749
4299
3937
158
8494
2294
361
7103
6237
7170
8195
320
2396
1213
7756
7129
5509
9062
5205
4119
3585
2692
7462
3281
6009
6395
67
1901
6667
1057
2062
9860
831
6350
7566
1155
1689
2019
1950
7764
770
8397
4616
9436
899
6250
564
5222
9169
6091
6139
8624
4895
8762
5185
2804
8768
1262
6323
507
349
9612
8221
2349
1974
2304
4831
7531
1580
4237
1105
4000
9294
1025
9652
3813
7538
5116
9931
1189
2711
3587
8730
5777
3272
7536
7550
2468
1235
3852
2077
9657
6795
6672
2927
4684
3100
6984
6061
7566
4285
6010
361
6397
7178
6517
3710
7651
7906
9228
5337
7550
2302
2309
7193
6656
1972
2974
1939
2152
3035
9648
2473
7201
2351
1398
8588
1225
9319
4319
6591
6836
4661
5426
3646
290
6606
2674
3279
7983
6331
8258
423
6041
8159
7658
6288
9639
218
4523
7130
7112
4445
1536
4272
2122
4863
3973
76
5548
5328
5644
606
2054
1836
8830
2888
231
418
4703
2622
4671
8645
2901
1292
4846
9458
9674
4088
4237
8739
8192
4362
5660
5332
2580
7545
5163
8149
8374
1960
445
943
9704
64
9994
906
822
3104
7220
1037
757
6547
5948
2183
4878
8209
8598
2191
268
1976
7258
2535
5476
9036
7020
6215
485
7372
974
7527
4065
2967
5156
8331
9883
239
265
1238
8097
77
8705
1545
859
5942
4574
7483
9700
5597
3911
4701
4297
9112
1109
7038
1664
3479
6864
7197
2059
4914
7034
4285
9837
5986
906
7550
6972
2483
844
2633
4535
5448
1350
1836
4138
7776
1678
2119
1136
344
6618
8758
1256
737
1032
256
299
6947
5616
6271
2589
7409
5351
9521
7202
3599
8133
3774
3636
386
1465
7467
6114
6088
3803
2463
5434
1256
6754
2404
1209
3498
3464
176
9746
2633
5098
5092
1486
8392
7380
1013
8164
4340
9069
9225
4234
856
8191
4532
8250
1926
8538
3012
1527
261
8392
6330
1458
1670
3828
5082
1272
3036
8711
964
4079
3898
9748
7028
3585
927
2709
9655
3351
6800
4164
1967
4490
1429
9950
5240
2758
87
5765
1884
6033
8695
2198
1460
3562
3155
2523
9473
5397
6629
305
7178
438
1404
5948
1974
3211
127
9673
2780
4591
6431
6676
2281
5325
4220
3196
898
2050
1163
9684
1595
3142
3511
3211
3767
508
4854
3598
5328
1447
8877
8172
2761
6879
3638
8571
115
8005
7424
7257
3325
196
9880
1013
7904
648
6759
2463
7161
5652
1996
2430
2232
7390
2060
1408
5977
1229
9223
9575
9440
8310
8540
3154
2315
1635
1328
4249
3139
2166
5019
894
4883
1421
5411
8880
6379
1558
9038
5969
6503
500
5505
6202
4316
4338
7550
8750
4243
3768
9262
4109
1802
8668
1307
3610
22
346
4050
3518
5933
5383
6503
3534
628
1394
9065
347
8452
6781
7975
1145
7586
5403
5155
1570
2639
570
3958
8107
4301
3570
4052
3688
1139
686
5330
1580
2419
3291
9157
4211
426
1135
6860
6275
8856
7885
193
5551
3601
2229
188
7407
355
2113
7721
6397
7961
6461
1115
4337
9775
3494
5984
4863
5990
6327
2919
8319
3930
2623
7312
2526
1747
8391
9075
7731
5753
8835
5923
2997
8347
3144
916
619
946
8717
4987
2451
8081
7876
8549
7047
1104
3802
2459
9788
5322
8573
548
1533
4099
7902
5259
1961
6526
8215
7523
200
7085
1295
2232
8483
9642
251
632
325
5078
9015
3122
492
1233
7238
1021
1220
4921
9398
2492
3447
9606
1432
9920
8141
7589
1631
4751
1610
8435
8854
740
2425
6510
790
103
6179
1478
8072
6735
3589
825
3145
532
5184
9919
2460
6378
2130
4675
7060
7339
9190
819
2705
8596
9815
1418
5418
9155
6171
8812
653
9727
7902
2802
883
4904
316
3815
4919
8017
1155
4145
9720
1707
4023
8148
8013
3236
8728
1699
6505
7104
2130
6905
144
9366
6372
7720
5512
4079
5939
6032
2211
2410
1039
2625
9148
8708
7957
5348
1824
2966
7447
8887
8159
4447
1802
5896
1090
1603
3646
9684
9328
5204
4051
80
6364
1953
5146
6520
1105
3980
5737
7206
7617
880
996
6693
6729
5202
7304
1814
9145
2535
1641
5715
6356
7095
4447
7410
979
5648
9804
205
1758
62
1265
4064
9469
234
4386
4658
7724
3857
1527
8183
4750
6918
613
9141
7715
1386
8316
6613
5501
9067
2129
5949
1311
8539
5183
140
2455
9234
5498
4421
2974
8951
5685
3008
3053
7787
7092
5165
9378
9254
2100
3547
8051
6470
7482
9224
5298
9269
2089
185
4994
1834
984
3260
7433
979
67
8572
3015
8690
9312
4149
8486
9685
4821
8105
34
2347
2713
5123
874
9027
9080
2153
7447
7943
107
8551
2845
9705
5319
7242
3825
2573
5028
6441
6538
2696
9057
7627
7786
6199
5206
3557
3982
7858
6251
9283
8820
1346
1607
5034
8269
2577
1387
6059
1123
1138
1744
8314
3901
1329
9230
159
8145
1643
9231
2173
5081
9745
1107
2033
9081
4713
197
1933
5327
678
5917
5206
1612
1913
7192
2219
3954
8151
9077
1591
3823
5549
9329
5897
1113
6082
3414
3889
666
4636
8847
1181
4159
1494
6303
2486
5771
272
6675
8149
7489
7591
9829
3274
8865
9799
1026
1886
4962
9006
5038
3814
1314
370
9015
2731
1770
1990
3063
1048
2358
1305
46
5924
7811
7856
335
2881
7753
9685
4553
4500
2843
6895
4057
2390
4828
5988
3887
7130
4037
1709
2222
6528
2085
6185
8936
8137
8872
2084
6201
1292
747
1097
8210
7369
3646
4822
6186
9692
3178
8383
192
99
6710
4661
5811
196
4773
8393
5765
633
7490
6140
6414
2269
9487
6040
3677
9324
8986
1012
916
3013
6081
2084
7941
9907
7751
6160
7975
4285
6760
8726
862
7483
745
274
2362
3066
2227
6317
1406
2961
114
5491
1764
7845
4057
7145
1503
5850
7160
5663
8129
6107
7937
339
5822
283
2551
1718
1584
605
5928
2771
4125
465
6781
1965
8278
1649
4511
1528
929
9803
268
3499
2489
6031
5658
6404
964
2395
2012
9004
7126
901
8611
557
2117
361
646
1889
2332
3028
7444
2269
8451
4592
4057
7438
2031
9792
7200
9954
7510
9199
2025
7211
8406
5572
2411
4879
3222
5993
7867
83
29
300
9726
2666
9074
4357
4811
376
1763
2969
788
3132
1530
3919
3686
8782
9389
5617
6895
7220
9701
1541
1328
4219
6625
5020
692
6100
2492
1562
928
5725
6252
408
2858
7986
2621
9911
4159
8660
8093
7814
4767
5433
3033
8693
6956
323
8952
3210
1220
3109
6342
644
8762
5428
2628
3359
6204
2219
1134
9144
2032
6065
6349
3297
4448
4766
670
5942
3513
4300
4066
913
3678
4475
6311
8747
9794
8007
7688
932
4358
7102
4417
9909
2319
5053
261
3844
4604
618
6259
8361
2198
1783
934
8078
888
3717
349
4795
4034
8168
6330
5427
2841
4186
3934
6265
2769
2786
9861
5879
5981
5606
5662
2321
166
7854
5134
8469
875
75
1429
9493
4312
9640
689
9833
2362
6944
2466
3934
2593
1680
526
2180
1367
3726
3221
6855
3856
1691
8103
8347
4018
1957
8261
1518
6808
1904
6758
7960
8257
1829
6651
2406
5902
4171
7429
2376
2845
6246
2581
407
2399
6797
1732
9035
6624
880
2404
172
2904
9530
5111
5672
2957
3651
6846
6260
2460
3049
1941
4550
1016
1281
3917
4851
7441
5992
7498
1028
4569
351
2702
9150
9603
1558
4021
5362
7005
5895
8931
2066
5472
7191
1947
3925
5541
3417
802
7661
6443
8756
5859
6439
8902
7989
1667
2467
1273
3496
8376
9845
791
7683
1286
218
4998
1779
5370
959
4694
8716
5002
9663
689
8875
4204
7915
8307
9838
423
4719
8252
8726
8216
8867
3763
6748
2021
7711
1613
3922
7607
4386
8559
8059
3235
8789
4016
6589
1049
8203
130
678
961
3516
627
6557
1379
8418
3279
9498
758
3252
2024
1513
2620
7505
168
3739
7388
927
2854
2286
2799
8949
408
990
8206
2389
9496
8427
1932
7134
7546
45
7441
9297
7533
1061
262
3250
9039
7606
536
5266
3766
676
2743
5067
3709
2076
8318
347
9563
1380
5464
6564
2667
1220
9536
899
6151
5813
1721
4832
6661
313
5984
5029
7223
5452
7711
659
9662
4601
7700
6817
2431
4160
9553
231
6537
4566
7348
9322
2645
8381
6106
9000
5455
3814
9776
7622
8868
9508
9722
4344
988
3603
4583
1090
1226
1641
4485
1468
8546
9547
2177
7387
1611
9379
7922
3182
6293
945
6231
5253
5948
7168
1901
2297
7149
139
693
2680
9944
1887
5302
224
599
1730
5983
8510
8478
7620
5871
1399
9044
3973
4809
502
4001
2599
4482
2839
4408
2342
3165
4501
7959
8773
4553
5695
7148
1883
6041
4079
778
5870
6196
5758
8285
6206
9374
7906
1483
3622
2759
3210
3835
9102
6723
8652
5242
3396
2537
6860
571
652
5568
240
1806
6469
4135
2705
3109
8734
483
2181
2947
9386
7438
8507
630
5472
398
5014
3991
8725
4404
3934
3856
4782
7190
5603
5613
6353
7152
4403
8261
8091
70
766
5259
6839
3549
8344
2016
4541
667
5232
8203
1978
2427
6462
5244
9359
3909
3458
6093
2556
4590
3802
1066
8862
4700
8548
35
4902
1757
597
1983
7644
9753
2265
9027
5316
2996
829
8036
7312
5224
3832
4633
8198
1859
4657
756
163
6749
6445
8051
8048
5469
1784
5682
5044
5260
1494
835
5787
2618
378
1729
918
9679
7735
7393
2338
6581
2646
201
285
3700
3703
6038
8678
334
4090
9593
9877
6669
608
9233
8683
7561
3886
4479
2267
254
4643
2214
761
4365
3578
9586
1985
1362
6370
3114
1659
5703
2251
3033
2558
390
8451
2553
7363
4212
35
9665
1884
6173
3860
4721
8484
3146
6549
2490
3624
1354
2241
8548
7655
3392
9837
4826
9078
2761
4176
825
3110
1825
7910
9305
8458
8807
8502
27
5972
989
3730
2676
6496
4212
3070
1464
323
8408
485
235
1909
1144
6425
8852
381
2762
7530
6051
123
1052
5049
4260
4300
7549
2781
5588
9241
3373
470
6179
2306
8226
7920
4123
9257
8956
1929
8288
9313
9596
678
329
1305
1425
7219
9550
7859
66
3771
5650
4443
8163
5239
99
8916
5538
9833
6704
324
3265
2252
7834
1939
1849
8548
2222
1568
5020
9244
4193
2181
3020
2544
8109
1228
5979
4231
1708
5090
8498
1638
5970
9355
4166
6113
5199
1190
1287
8002
4037
6818
6875
7935
296
9297
2315
1368
4516
60
6236
8942
5587
664
3361
5770
9934
2487
5039
4957
8259
385
6849
8483
1449
8037
3885
4158
9984
3131
358
496
7228
5228
6276
1193
5204
6580
8449
8098
6805
8294
8420
72
749
8112
5364
1550
5957
5585
8053
2012
7854
2601
3975
396
2015
6128
1360
3751
589
5594
2214
955
1405
56
2754
816
1606
6530
7441
6427
5915
1221
1069
9570
8135
7351
2139
2578
7353
5187
8150
365
5474
1137
4332
2200
1389
8964
4311
8852
5023
9979
5311
58
1023
1664
2350
7949
1495
741
1013
5547
4155
9025
2893
1188
5306
53
1328
9214
3555
5651
5976
2872
6282
1473
7976
7454
6011
3274
2443
8541
8701
8230
7545
9991
3259
5644
9249
4392
3199
3045
2019
8922
5936
3282
4589
2102
5534
6736
1705
7164
555
1035
3093
4741
2844
9633
2259
3991
4416
5481
4674
2553
4448
2836
5805
6136
7384
1746
5154
1529
7989
8888
7845
447
5616
2497
534
6303
8426
4626
2112
2563
7064
6786
276
3532
9601
9418
2901
2843
628
1706
6373
209
4192
5132
8113
5382
2623
3884
5448
5863
9010
8728
9778
6595
6883
4869
4318
1209
3767
8099
6988
282
8354
8049
284
7460
1168
3475
8455
2082
9697
2227
9357
3182
5572
1463
5326
8888
1991
8434
7501
1788
6814
1868
3633
1503
8914
5526
4286
8282
1516
6537
3605
2234
722
9663
5095
4326
4033
4997
303
211
4925
1486
192
3798
5332
1483
1132
1016
5065
5930
2360
3278
9360
8157
3596
3577
1909
9293
6927
5178
7970
9870
9298
763
8720
628
7596
9819
2094
4950
2662
5544
8944
1923
3592
3969
394
3698
2052
396
6909
6606
288
7734
6480
2450
6682
2729
9859
9617
6248
6371
5136
1337
2541
8021
692
6873
5427
1976
9420
3152
2581
6823
7107
1832
7323
6265
6779
8852
4668
1629
3610
4853
6303
3836
8183
1219
2739
7609
7781
5178
7168
1452
4127
3027
3565
6591
468
6789
2676
3960
6422
7195
5474
9833
1325
1975
1763
2836
3458
9303
9470
3587
2280
4760
6332
9223
9117
5945
7215
2831
1714
1585
2129
7900
3463
2034
9274
6098
1211
7392
5415
6818
1986
5213
1287
6326
6232
39
7575
956
1268
2421
8704
1110
3825
4574
8287
8353
5801
6954
86
7285
419
8605
1714
5548
1839
8769
8333
9367
1567
8162
628
1181
8568
4192
1099
6789
8553
7873
9103
5783
3996
1654
2988
542
170
2239
9296
8032
468
2352
768
8593
287
166
4027
2116
9824
6949
540
3492
1208
5508
2819
5570
4337
6124
6053
5984
4970
9788
9907
2061
8992
8224
1305
6962
8734
2627
168
5725
1685
787
4902
3115
9359
5428
8084
4908
2625
840
8528
4305
832
5533
7404
857
6565
1847
2895
1869
4259
4256
9995
2424
2088
4973
4398
6955
3491
7539
3693
4016
5429
2522
2030
5949
3307
7712
7653
1883
5627
785
2225
6376
2156
2966
1783
8570
2699
7211
8432
9445
7916
3910
1359
7391
5453
4212
6917
3073
6673
5702
4648
2304
620
4525
4529
3694
7754
1729
182
7819
8853
2136
2696
5775
695
533
9805
4284
4828
4143
5072
6912
8459
3844
9671
7065
4199
2638
805
2140
1537
4
8721
3415
2513
916
4840
4453
2117
7424
2335
914
1432
4630
8299
1776
2982
6820
7300
2537
2447
652
823
6742
4971
6084
5355
6671
2541
1954
6374
4180
2363
1334
6353
9755
9308
8056
1001
2299
2371
6131
2760
8953
972
4706
2995
6225
8276
1179
6549
6375
4157
9753
3757
7374
2018
4046
2515
9321
408
4408
4000
9024
9990
899
1662
1621
1079
1152
1118
40
4445
1653
6553
4840
4184
5956
9113
5867
7927
6048
6281
7807
1502
542
4778
8753
7960
6377
1703
7711
1295
1096
9659
6937
2443
3443
754
8893
839
3188
4429
1988
6362
9179
5258
6598
9652
1445
6276
7253
6007
9101
4438
2889
3433
2659
390
2327
2183
349
992
5192
7179
8123
9391
2455
5377
9567
6179
2107
5175
461
4704
9494
1635
6367
2404
7373
8905
3084
6939
5673
381
7706
3718
1101
774
1825
9929
5512
2324
1234
9364
7469
6372
3208
2069
8850
1633
2334
9707
4151
6381
2578
4078
8807
2032
5032
5197
2659
5343
8865
9160
9613
2705
7853
4960
8738
8990
8767
8331
9996
2586
7393
5020
2599
4593
6312
467
5362
6146
1736
2321
3032
1393
9691
7519
8752
5880
6686
2831
1377
2541
6253
9362
4602
2890
8000
3755
2753
953
3061
597
667
9886
7953
5377
3756
506
3473
3586
8270
3805
4694
1453
6343
9020
5264
2826
8582
9763
4234
944
959
5948
9863
5729
2136
9105
3530
2145
2450
6942
2060
4557
9452
7707
666
7065
4772
1881
6813
2635
7056
8826
2287
3750
5100
1013
6074
633
7364
1290
3043
9930
565
5652
3783
3117
2447
3309
9524
4153
2253
4646
9195
3644
1480
551
2981
3166
6297
1123
3460
5044
5470
912
5291
7846
9903
5462
6672
7171
1825
1861
5409
8323
6170
1916
3717
910
38
8487
2453
4715
8938
3625
8443
9659
6151
3946
2041
1511
6865
6355
6620
2151
6001
6328
4178
516
6471
3396
459
8736
8500
5595
557
9413
3335
2412
3146
4092
2615
1414
5717
6287
7168
846
4322
6160
1601
8909
6382
5308
134
9262
5583
8122
4337
9593
3581
1592
5646
489
5842
9992
9894
8709
1869
5703
1045
1149
6093
479
4920
1587
716
5005
6729
7917
4666
7845
1934
5784
9772
820
7646
4479
1877
7191
8741
3484
5059
9050
618
9821
77
2900
4479
139
5196
3377
634
615
2663
6255
4898
598
1939
685
6987
6623
618
5009
8293
402
4604
5225
7761
1276
8644
6420
2375
4568
7101
83
5236
6344
5428
7786
7767
9844
7775
3371
8558
9633
3502
2132
4765
9990
9105
3431
5199
620
1099
5244
5023
6852
5733
4914
9497
6333
6806
1243
973
438
5122
1097
2932
2417
3008
7811
1238
7112
6544
301
8091
7204
2572
2727
5472
7868
6095
1492
9277
971
6644
1741
7972
1317
4944
2727
4221
971
594
4387
704
6941
7002
3253
2258
7808
4472
6199
2339
1184
8134
5231
1463
9736
1609
4414
1173
6127
9252
5098
8412
6149
29
6062
1724
7166
948
6256
1188
1150
4785
9716
4776
6486
2013
8623
6885
9694
2020
1775
2792
628
3338
3977
2187
2740
8428
7474
8594
9384
6312
930
758
9265
2879
1526
5135
7095
3849
4005
6471
237
234
5622
9596
4201
9124
1264
8374
4355
1165
8961
3051
9499
9874
8803
4431
4672
4157
2252
2128
1582
1939
421
8513
5304
4592
893
3028
4823
1751
9231
2334
9009
2805
1633
3078
7309
1462
8910
638
1014
5194
2247
7845
5646
5161
8421
251
8629
468
9154
439
9386
3262
8681
4534
2193
7883
3147
6197
9558
4151
6100
7857
7345
9978
1805
7404
219
1851
1283
7171
768
9011
1719
9565
7940
772
760
1287
2347
9577
4190
3694
1556
1568
7272
1261
6965
8773
3944
5240
9837
1936
9069
4471
838
4242
6866
7959
2202
44
2853
4893
7656
9761
299
3181
3510
7981
194
1530
5433
9781
8967
799
4035
2305
6968
4557
2364
3832
9005
8422
4148
6762
7971
9801
6952
1396
9304
4399
9715
8256
3470
310
9287
3435
3738
6859
6044
4987
3084
1166
3208
4384
5156
9392
4863
617
3299
4336
4701
5707
1344
3814
3074
3374
7388
2752
5022
3321
7208
5116
4077
1791
501
7812
8980
6569
620
7504
1949
4150
5007
1657
95
8304
31
3082
338
4113
2704
3932
8769
4822
7882
5458
9920
1747
3890
2882
4560
2439
7032
4469
6561
9490
529
1376
4696
6244
2360
3524
6962
295
7985
5123
7927
1471
3695
2517
2241
9025
3607
6266
2927
4914
67
3360
1782
8785
4955
7639
2487
6184
5297
3859
2231
6047
1052
2866
6267
2850
8744
4831
2306
2405
7724
1574
407
9892
1852
7081
1687
1279
880
9378
1248
5798
4948
4570
2315
8321
2817
6825
7595
6372
1356
5119
2710
8625
4317
9266
3700
94
9619
73
229
856
7447
601
6952
120
7502
6589
2506
9269
1378
6428
6907
2298
5171
9334
2359
5578
3386
9822
6083
7057
7391
7118
5111
1309
9020
2680
1643
2221
4897
6633
9541
6793
1289
6915
546
2018
2013
3435
2322
2778
8407
8463
6025
5319
6218
9404
7619
1012
4560
6672
1560
1145
3956
7467
7569
9581
305
331
9386
4025
5626
7864
1768
7214
5372
3117
2652
3226
2353
441
8088
8519
1718
6117
3826
9076
9168
806
9287
9240
7914
2533
2274
9316
8898
9741
9245
4152
8068
9028
854
6377
151
6926
2230
1586
7799
1391
3839
3000
2786
4704
1172
2898
280
676
5709
8329
9628
9994
6810
9037
2544
2149
1112
5560
8432
9019
322
9895
3117
6235
2922
693
9646
4643
5576
762
4818
7345
6546
69
3177
2056
573
2022
2275
245
1714
1151
9880
466
3429
1643
2922
922
8370
9951
6072
1886
7545
5840
1013
9000
1564
1702
3656
1647
3638
3600
197
634
8926
312
1756
4296
5243
3384
7872
6351
6523
8925
1195
7220
6175
2458
3808
3835
1753
7568
9233
3662
7609
3485
8226
5027
7396
1907
1789
1769
7575
2043
6920
4340
8234
6313
4052
7498
7928
4178
919
7340
2221
811
4285
5689
7569
1043
3642
3759
3605
2340
4323
8403
9307
8486
8749
4371
3979
2661
2022
347
9571
8804
6115
8357
1903
2273
8426
9236
5162
1291
1713
9442
8307
9281
8854
1112
1155
2189
80
5919
909
3202
7190
1669
6919
3426
7487
6674
6745
322
4089
4219
7300
5217
9198
6006
6469
5703
4372
287
1737
5771
8068
6779
8915
2888
2974
9163
7036
2081
4458
659
8058
706
2674
2219
2980
7817
1326
2230
5765
100
4400
8962
4991
2316
5729
7423
1411
9123
5916
5699
702
2827
5946
5821
53
727
5853
2552
3572
3830
5633
6211
6851
412
6751
8623
6587
867
6372
6456
1288
4979
6657
8887
7903
8061
5557
3399
849
3902
5448
6487
1664
5666
6057
2624
3442
2439
5691
2728
4612
244
3371
3158
8193
1193
997
2647
2323
5944
2407
7119
5433
4021
4630
7044
6778
7339
3904
4312
776
9183
8194
709
2488
584
5563
6670
4370
8207
7360
4339
6100
8291
6657
4437
8700
5232
1516
331
4101
6113
6737
1573
7729
1300
5990
7983
8920
1966
3515
1192
7360
190
2209
6851
4830
1878
838
7021
3836
7063
3028
9073
1163
7404
9228
3641
4091
8026
8316
8149
8553
1366
4809
3360
2343
2503
169
7761
7122
3454
3583
1888
4176
9924
8380
442
3065
8003
4708
5095
4713
3047
4928
7353
7794
8406
5730
1176
262
2845
8702
2380
3333
5853
6822
2842
3620
8327
4966
8402
736
244
2514
7672
3905
4696
429
210
898
1575
1980
5730
7280
6280
9194
2805
6705
1817
29
8106
2214
4579
40
5271
2660
3424
9426
5497
7776
2779
3783
666
7369
2167
9630
6632
9403
9666
3211
1923
3056
7674
1142
583
3690
193
955
8859
6863
7854
3507
7849
659
7588
3604
7807
1772
4854
8484
1925
8434
5947
2851
2353
5654
4287
1770
4743
933
2234
574
1781
6988
2773
2666
6429
9038
3226
4780
9380
9332
8123
2926
1707
5412
7847
2424
2476
5862
616
6308
616
3859
8463
8466
1694
5246
292
4989
8638
3399
5881
5806
8559
9470
3039
9008
7934
7525
8204
6996
2504
2361
3931
2565
570
930
9107
3438
7734
7753
2573
4426
2408
9722
8736
2524
3962
6826
1871
3489
6230
6346
166
1187
8698
2765
4337
768
4880
6294
7422
9530
5102
6294
9043
384
444
4613
1203
876
6308
4686
2285
9118
495
6336
4021
9754
397
2097
9336
1757
4389
6726
2426
134
142
5697
6690
3298
6636
8827
4792
2680
8320
9730
8621
3559
7993
2964
1740
1804
6896
8764
3776
2040
5955
1420
9351
482
975
3788
9925
2425
4035
6130
540
1661
643
2579
7050
3934
5994
4313
2003
1269
964
3990
1984
4018
9467
5431
1640
1653
2464
4812
9695
5137
4989
7335
3069
2333
9944
2883
3344
2877
9514
791
1236
4849
2848
1515
2065
924
9794
3818
1286
6792
7187
5257
3685
1833
6233
7799
5134
3151
1949
1446
5153
4031
6148
6616
4063
6835
4751
6925
3456
2481
9216
9885
6250
8842
1983
1632
5312
4501
8300
3046
953
2507
8805
9668
2435
4596
7546
1564
9767
162
5791
2769
2191
3563
338
8137
69
45
9885
8947
3822
5981
4958
8922
3399
1153
3702
315
4526
6879
1359
2340
9860
7269
9138
7150
1106
811
9479
4557
858
8309
397
4981
7007
5022
1885
9247
1064
3617
3035
8540
2160
1177
3676
3593
3810
9356
702
8740
4371
1188
3940
4989
7408
5534
8545
1424
2266
3734
4296
3091
2575
9891
6449
7003
5499
1678
1934
868
8639
4809
6158
8017
352
1246
9122
2528
9155
2165
8879
9105
4744
5306
1667
3385
1844
126
7819
7234
8180
301
8309
7045
6863
1729
3361
8779
3259
485
9517
9632
6626
3707
9953
9017
8278
2418
5704
5160
1651
51
5633
1869
1396
795
4212
95
3657
5629
4793
2043
2503
6665
8485
6476
6208
9016
9286
4044
4501
377
6018
1274
3242
465
8315
8669
1673
3534
2949
2168
4057
4621
2635
1278
5311
3965
7439
9559
2181
7764
497
5412
8587
960
6913
1616
9180
7008
8344
4791
1443
9508
708
1707
6173
834
7715
661
8737
6491
2739
7801
749
317
4758
9837
1634
2042
1259
3627
67
7849
3003
2388
2249
7771
5266
4568
2123
3793
4463
6804
4924
2477
5213
1483
7494
6166
2290
1400
4598
8559
2072
2018
8343
1642
1146
1073
2436
7001
9010
1552
4968
4501
3585
6276
5160
8131
5870
4844
2996
5828
9234
6890
8249
331
6275
8561
8746
644
448
3854
1313
4532
3068
3884
2304
1468
9679
7843
6717
1729
3610
1
3390
1937
5017
6939
6992
2286
3405
3829
9231
9631
4059
113
8881
1640
5759
2773
5859
5750
2101
2016
7865
5648
2969
2638
335
9963
4205
186
3174
9404
5867
7507
2380
9971
1580
2498
1578
2470
2137
3083
9876
1787
3536
2562
3980
7579
649
4128
9768
6867
5896
8134
166
6829
1366
2161
7293
5663
5612
7471
7429
8577
6175
17
9530
8484
3522
9329
4141
7362
2520
1573
8988
17
3770
1349
2099
5148
280
7274
1954
6675
9219
1015
3824
514
5738
973
273
2704
7987
7321
9269
5320
5581
8113
2977
2957
8131
3135
7905
9322
6292
140
2238
2103
2368
145
9788
6723
1878
1498
2744
7918
5420
9420
5840
7286
5918
2233
6915
6982
4155
3921
8171
2153
7484
5323
2472
1701
3127
9573
1951
2693
1379
4264
7538
3127
5676
5343
9458
9432
7785
729
3010
4477
7660
6973
5678
5251
6858
2046
939
3833
6748
1407
7777
5276
7637
1512
7239
8627
501
3626
7822
6573
2525
5136
1648
2072
6004
9894
5978
6851
9930
9070
8632
7526
9531
4481
9728
3424
1398
2851
2146
7585
3294
8778
4190
5642
9680
6720
8118
7713
6518
8535
6758
8201
5132
7516
9105
5218
2706
5007
3918
1772
8129
5266
7107
6610
6129
7616
8544
5573
1961
2801
8111
6470
6665
2219
4906
649
9605
8394
958
5766
7874
8563
4159
9569
4183
9109
525
4444
5564
2914
9237
6204
85
2701
3706
8569
4053
9235
2373
1914
6093
9151
4187
8785
4628
4473
9886
1378
1291
5855
455
7962
5537
3463
2354
6349
9781
2259
9834
1696
4170
6870
359
8601
320
2166
4245
1380
1408
1522
8391
3575
1992
3798
4572
120
4760
4845
3249
6430
972
1366
1847
9541
1979
5082
598
8965
2687
3949
3202
4517
1318
3923
7101
6636
9544
9093
621
313
2266
452
7935
4740
4675
1581
4012
9973
3373
8126
3275
5315
7230
6296
8152
5807
8408
7989
5076
1522
477
8572
1180
6051
8535
9378
4510
7198
9750
788
5273
6242
9435
1954
2036
4970
2582
9214
563
5134
9979
4597
3477
9530
9306
9421
1233
5968
1999
544
4434
7338
1383
7927
2097
9506
1620
9563
6258
3621
6354
3032
1185
5637
9995
1284
1423
1343
8200
8046
55
5229
1130
9402
8758
7020
6024
9692
5195
992
1433
9362
8714
8950
3220
8455
2055
3691
2342
1829
8482
1227
7124
2412
7422
2268
9762
1952
982
1852
211
6839
7170
8248
6577
2100
950
4944
4096
2397
1292
215
2430
4852
7652
8111
1693
8468
3240
244
3973
1785
1477
1783
4948
1221
823
8270
519
1265
2532
6474
1341
1761
1595
9481
3113
9883
4350
2445
2585
1305
7486
8573
5606
8445
2375
3019
395
6453
3916
3638
1288
4367
8003
3504
601
6398
1540
1379
5555
2013
2046
7167
4975
3619
9099
2583
731
7128
1877
9581
5676
9288
3353
1067
4152
9830
2011
3860
2500
8306
7354
3945
7801
4462
2213
3824
8908
9517
3038
6627
2430
3549
3502
6805
9617
630
8761
8506
925
7539
1683
1159
2673
1089
9011
8295
7230
2486
7080
1728
3536
1796
138
1302
222
9054
7954
4926
3653
4026
2091
4645
9136
712
6730
3010
3355
114
7437
2106
9463
308
3313
8435
8000
7165
2358
3691
2734
918
9494
5241
9689
4867
468
1443
2304
5080
3234
7138
2668
6318
6022
1667
3472
7671
4029
9856
7700
5102
832
9999
5315
1185
8774
9113
1201
7075
2906
3517
4529
7886
9166
6693
2261
4566
3249
170
9303
1572
1293
5540
1672
4657
2692
9524
3672
8545
1852
7862
981
7730
9656
2705
8951
1413
1466
2881
4171
7788
2405
6871
6287
7173
7400
4830
2142
3654
7768
4417
6907
4745
3996
1660
1507
4714
6047
1809
5006
6783
9121
9532
9415
311
703
2504
2348
6022
21
5875
6696
912
1457
5679
9343
9123
2426
3147
5338
1227
8321
8418
612
8448
2902
9010
8131
6802
574
1552
8715
4088
6147
1049
1568
7029
4077
8348
8986
1068
8928
3447
910
8230
5670
239
2075
4034
9406
6052
8513
2092
8053
9236
6345
944
2036
4782
2625
8641
1305
3546
4775
421
2939
3351
3896
2243
7657
949
2777
3633
674
165
4070
631
2266
910
4361
7063
5963
5473
7917
4625
7882
9534
9843
5362
1276
5384
1189
5357
6585
951
7433
2302
9200
8285
7977
4954
8171
2156
209
9050
1908
4277
8552
4714
3479
883
9282
3325
8346
1482
2149
2915
9275
7578
4506
4782
8505
9209
9607
1185
8069
6992
6907
4506
8794
5219
4969
6034
7355
3879
5433
9218
668
8784
9083
6184
4852
3416
1422
1722
8034
8903
3232
5690
2541
8927
3542
1611
2992
8327
4318
6067
7958
3259
2147
7297
9745
1665
6689
9297
3026
863
2410
1518
7460
364
1049
2616
778
2900
2404
4950
7899
1776
7
3549
234
277
8895
3745
6475
9563
1348
6284
1762
1409
6378
3037
2542
2656
4537
7666
6311
6221
8300
4361
2484
7682
9416
67
5120
3791
8750
6730
509
589
1970
37
6521
5620
2940
106
2081
7886
143
1059
5539
8699
6024
4036
7368
6902
7801
4235
6114
7591
1767
9945
4562
5851
4273
8160
6126
3377
2322
3502
5361
9511
2665
2265
3347
7316
630
8939
9866
8550
4200
4256
1425
2448
4549
1934
264
2332
889
6741
7420
6519
211
1494
520
9197
828
9464
7052
