166
806
684
175
860
899
133
610
701
7
908
641
219
139
773
763
788
680
512
560
700
56
145
997
551
571
729
884
352
803
691
514
414
952
40
623
33
109
604
153
577
417
110
938
199
303
84
421
42
671
813
5
380
946
741
422
10
233
324
578
128
855
151
117
906
931
989
618
492
39
28
956
547
59
650
853
737
491
940
971
165
948
507
877
49
515
17
338
811
823
448
11
20
362
508
317
908
596
380
400
124
320
573
194
586
37
855
804
664
277
990
763
614
329
402
305
252
820
871
346
352
868
854
488
518
92
602
655
227
957
444
217
361
432
864
891
518
69
669
54
661
855
569
71
155
710
154
264
379
764
582
661
651
280
677
999
261
430
194
596
895
637
29
773
91
471
603
455
784
493
189
19
23
568
325
782
710
441
572
114
744
635
47
115
339
587
669
82
505
143
890
685
257
644
368
621
747
686
113
447
206
28
589
428
966
377
594
633
118
420
311
367
971
641
777
460
201
166
966
496
355
847
452
153
807
66
75
928
448
404
863
738
762
242
431
464
786
320
793
511
764
230
644
384
370
534
435
297
99
80
857
778
66
846
488
777
123
448
848
14
394
641
942
656
276
391
195
391
931
127
489
688
950
71
761
372
103
755
304
72
587
473
941
686
278
220
756
19
236
109
70
280
705
493
823
73
954
44
671
89
466
605
330
284
134
456
704
995
409
591
277
155
528
873
738
758
247
42
98
193
723
593
206
45
582
672
825
318
622
152
805
591
70
715
420
35
315
120
128
461
752
714
868
530
707
425
384
218
78
159
273
762
847
756
102
245
376
811
421
30
719
587
460
543
575
799
408
598
949
343
305
131
373
180
740
27
755
424
632
904
793
107
657
502
184
839
992
664
55
389
697
233
605
302
276
211
893
515
861
708
573
325
196
516
198
894
173
864
455
14
617
42
499
271
475
646
766
465
492
470
971
735
359
103
953
399
885
243
625
742
963
253
106
115
304
976
5
143
295
408
674
955
859
167
217
650
869
737
401
642
64
752
325
631
262
433
122
64
928
669
682
137
514
506
620
143
53
487
954
599
155
875
961
696
494
39
52
396
65
471
122
994
326
909
236
871
110
630
552
169
500
371
128
42
699
817
499
227
483
178
819
87
880
866
182
227
507
962
29
277
671
696
504
762
740
493
672
238
224
718
67
664
313
380
412
651
317
460
584
567
18
792
762
741
750
595
352
463
569
393
19
909
213
805
811
801
157
209
217
828
843
874
875
655
928
576
828
307
552
322
258
209
699
921
326
619
430
432
639
929
896
939
511
61
301
645
388
887
574
71
840
354
287
888
801
93
520
760
594
203
972
140
361
587
181
309
671
392
198
593
523
539
160
288
375
652
158
912
729
877
73
785
892
447
260
402
820
82
953
43
773
913
994
801
277
516
273
853
805
349
416
908
941
819
346
280
637
146
160
918
180
777
653
135
109
819
387
975
757
575
635
225
278
631
417
577
79
660
861
760
657
161
900
131
372
683
356
372
168
464
68
592
236
213
394
55
539
334
835
248
50
906
894
186
939
932
193
820
918
604
755
390
2
884
544
93
216
891
177
403
456
373
721
781
778
656
296
99
455
241
460
11
525
333
443
959
206
777
122
34
634
547
378
23
1000
422
94
778
257
585
478
61
142
489
647
645
765
267
440
202
672
867
734
442
157
655
609
422
375
740
621
644
611
1
2
484
196
831
981
19
128
831
476
723
713
348
686
32
309
516
825
148
926
460
746
564
770
593
800
609
124
15
25
849
154
934
52
283
213
16
717
567
844
772
844
539
809
566
366
871
138
29
299
642
801
116
430
786
573
18
881
168
55
945
982
73
949
162
799
15
363
32
198
486
805
401
565
887
918
680
760
472
900
813
326
698
266
83
412
666
620
114
794
361
79
955
828
52
534
350
203
189
806
783
473
528
259
932
776
222
681
305
395
533
556
493
291
22
440
458
860
78
889
985
333
838
260
387
212
907
597
313
768
935
550
93
901
293
607
591
763
849
584
209
111
134
217
539
121
398
755
488
164
349
204
351
210
630
46
435
469
909
904
252
918
691
292
99
530
230
632
57
128
758
269
545
437
201
611
113
968
528
331
270
494
120
771
549
751
617
502
674
15
946
913
445
694
124
271
624
25
706
966
859
390
23
224
312
980
816
619
687
297
198
137
514
705
181
184
298
134
64
307
65
418
755
159
862
519
439
415
572
128
937
857
139
686
331
87
894
964
906
199
883
186
575
756
854
502
174
114
934
222
386
525
414
95
223
563
782
666
534
501
1000
273
292
474
427
766
291
348
827
533
320
1
711
637
979
924
769
971
426
921
178
655
615
372
451
613
853
427
173
325
847
456
810
203
218
832
634
536
358
646
727
911
448
984
794
497
579
225
355
586
810
278
364
66
863
377
983
388
768
441
316
770
44
288
292
583
83
795
56
979
372
469
363
243
908
261
372
999
925
628
861
434
652
544
982
93
163
987
203
989
237
604
409
656
101
157
654
692
103
915
70
1000
253
458
886
984
627
327
301
989
955
483
382
219
826
927
832
602
161
34
453
598
150
140
270
559
376
375
646
425
879
57
203
349
377
100
296
278
917
526
358
701
220
761
398
30
123
483
168
768
892
199
927
17
242
818
563
600
847
567
710
65
393
4
367
164
201
35
978
118
707
354
166
982
121
811
5
338
488
420
560
920
1
776
200
429
401
93
870
354
409
276
133
505
479
156
858
964
28
751
699
111
844
923
197
65
513
603
220
463
176
331
495
1
985
983
465
635
131
965
857
477
271
662
587
259
121
762
53
350
82
889
611
17
24
730
843
797
260
719
370
645
594
655
541
339
261
115
64
585
553
890
339
9
559
502
360
990
149
452
247
608
203
936
946
444
23
118
345
409
218
898
703
437
305
985
418
878
92
621
191
313
938
173
516
606
19
723
893
210
317
780
352
876
848
532
624
152
74
815
326
752
19
721
547
78
714
527
231
178
127
796
421
2
174
965
437
77
10
333
705
583
456
609
360
905
856
165
646
982
720
470
794
823
752
158
687
888
79
107
931
952
396
856
715
221
230
338
533
309
277
492
468
390
550
724
720
63
915
475
395
693
425
273
605
936
584
559
681
339
110
164
622
527
781
97
111
384
528
676
852
879
178
744
6
758
200
523
423
639
865
951
639
893
501
874
1000
858
67
895
779
520
298
58
257
79
545
967
107
61
806
820
362
673
459
250
456
735
620
488
149
1000
931
232
531
343
877
233
138
669
370
515
845
133
584
462
939
937
104
531
510
435
184
921
112
501
479
785
873
218
644
786
658
666
184
807
302
650
631
460
723
601
44
621
589
36
994
966
387
43
723
468
513
307
164
51
764
18
983
509
929
949
792
434
863
5
80
314
104
806
462
53
915
271
25
331
645
165
935
548
940
495
49
610
690
859
404
594
904
264
97
199
913
130
358
830
59
538
460
243
473
187
679
891
419
142
865
848
724
374
199
496
547
701
346
869
3
893
407
623
964
896
31
14
495
737
864
224
622
632
10
233
257
786
979
166
162
62
732
289
458
369
962
552
314
755
262
78
795
592
525
56
990
488
912
498
965
200
373
15
80
575
108
772
761
977
907
758
848
31
947
856
792
237
481
774
960
371
61
916
723
757
30
200
184
163
485
43
763
33
637
220
114
735
673
501
832
986
694
932
870
130
909
131
357
451
699
369
589
340
160
447
897
570
43
204
593
494
108
425
175
899
489
238
250
865
546
907
774
957
653
495
466
358
706
620
401
97
872
929
618
606
822
888
743
369
835
909
417
138
295
341
107
310
912
316
866
868
718
862
436
112
942
479
262
795
739
907
484
113
176
895
453
266
928
765
604
33
526
700
937
368
869
798
614
162
738
625
490
496
724
390
121
61
411
229
497
442
558
190
391
122
404
858
512
262
276
528
441
899
389
880
120
375
111
188
600
736
719
410
568
117
791
364
677
331
987
703
564
377
101
823
681
60
963
258
898
156
980
8
292
149
774
138
246
431
611
824
889
695
919
73
326
252
524
270
640
762
750
319
701
834
688
541
370
784
877
687
332
892
839
118
655
585
955
776
283
961
115
328
386
783
91
629
211
804
845
983
394
115
397
269
766
196
949
929
554
229
322
353
917
796
733
456
569
390
820
948
279
4
982
782
378
433
834
478
984
757
129
524
708
996
471
663
534
160
974
721
714
19
91
313
837
814
927
168
995
597
103
957
899
216
956
42
537
155
596
868
787
247
296
998
965
399
436
767
94
572
698
735
944
322
823
310
732
41
836
854
507
924
694
724
726
405
166
186
151
847
514
968
918
795
186
430
165
468
604
924
989
434
137
706
494
531
78
633
18
885
724
424
67
405
864
319
193
228
587
840
661
20
267
257
520
768
792
923
229
657
672
862
538
593
996
987
228
44
264
256
568
442
239
712
250
223
965
896
346
723
579
547
354
107
991
671
890
454
649
502
388
112
183
693
520
282
57
544
856
256
638
5
333
889
878
165
481
947
269
990
387
549
886
467
134
619
902
690
402
453
749
269
794
824
369
682
324
348
258
963
244
100
911
87
417
89
823
79
870
991
897
57
363
511
869
377
58
683
832
715
354
54
164
250
447
401
774
404
656
254
919
979
871
665
571
326
773
682
340
134
611
157
120
634
706
266
39
435
796
118
766
529
889
623
351
548
267
604
95
355
907
619
438
409
601
424
562
931
503
533
541
931
743
396
58
640
1
623
988
187
638
281
71
764
535
683
917
419
487
271
411
416
85
672
369
755
915
696
909
492
561
585
224
613
763
509
984
611
910
469
460
25
256
222
196
204
973
599
782
504
258
932
882
545
814
263
415
603
908
954
19
683
51
630
39
780
477
678
248
235
252
612
584
491
704
836
739
946
194
892
787
290
348
427
124
624
567
623
360
920
828
52
684
632
691
148
249
112
847
937
356
817
456
709
335
747
120
635
454
309
646
699
154
417
374
514
529
613
735
832
372
291
771
928
80
241
51
931
502
906
680
5
964
508
339
799
73
800
95
283
404
389
553
771
725
373
871
571
714
158
558
658
772
450
986
669
464
872
618
460
63
609
169
915
574
380
334
306
310
346
997
61
341
506
364
13
187
799
455
53
838
221
660
182
727
751
800
515
779
732
496
526
579
53
424
849
540
353
488
270
639
626
418
864
330
989
838
407
149
181
662
872
982
913
50
867
557
393
229
19
281
877
101
841
82
919
871
609
901
196
1
348
803
334
495
204
889
157
119
859
298
161
876
253
72
962
351
97
663
729
601
420
914
284
74
734
452
501
853
378
9
364
690
346
930
480
283
746
84
642
271
352
705
227
98
571
958
16
35
336
364
725
165
38
935
776
366
379
722
17
563
725
136
161
218
154
996
992
454
1000
667
692
671
791
365
249
479
818
799
268
494
433
828
735
15
345
519
793
313
874
538
995
807
832
171
739
169
348
362
876
296
632
700
708
846
694
579
253
787
602
444
597
969
619
607
726
401
430
690
695
636
395
398
417
315
733
849
635
207
814
539
62
250
154
937
705
708
663
341
342
639
915
819
499
83
510
637
51
419
996
393
154
670
268
486
813
894
380
58
303
149
594
887
557
835
460
977
83
17
985
954
540
802
902
238
87
844
802
471
908
547
131
882
763
135
439
296
398
737
571
535
281
193
879
382
57
723
600
268
859
222
797
874
952
428
18
396
319
108
880
276
419
883
307
335
729
367
3
246
700
954
724
702
489
389
941
385
571
203
469
947
663
314
81
709
833
285
175
373
309
652
207
372
783
442
613
775
877
854
368
831
703
971
173
529
229
401
437
407
257
481
811
692
513
437
743
148
823
989
830
330
321
563
399
160
353
552
983
611
413
165
630
699
936
363
337
671
655
579
174
40
893
311
58
642
576
655
534
30
410
309
126
882
697
849
153
959
863
462
43
169
931
19
734
651
846
91
13
97
606
589
808
796
407
133
491
10
101
113
591
811
235
396
55
189
935
135
851
937
131
267
497
555
870
752
7
798
265
729
387
230
467
478
379
268
805
465
469
397
718
337
664
331
785
250
457
331
378
427
727
414
892
447
895
96
54
853
625
940
105
471
25
806
540
446
312
967
17
517
808
252
213
706
659
815
700
24
860
237
522
351
860
790
499
866
247
433
692
888
917
189
199
892
346
713
283
310
645
253
818
808
637
710
217
281
327
798
468
949
873
754
479
378
483
154
150
773
872
124
374
347
594
346
226
953
147
687
695
733
268
102
368
778
234
219
747
207
36
40
961
713
719
42
978
901
210
905
967
495
475
43
310
565
984
57
18
460
150
617
1000
299
525
875
444
947
497
148
969
245
307
846
204
780
542
181
130
926
507
595
917
512
910
517
556
495
495
821
488
143
617
774
199
672
534
83
204
988
705
712
365
842
43
670
300
70
335
868
431
543
990
161
817
456
883
187
86
472
991
51
466
41
503
510
747
436
105
86
426
956
755
743
334
223
460
122
506
352
705
181
994
295
121
153
169
808
713
843
958
752
881
12
634
651
605
866
180
488
893
628
38
755
926
993
429
834
230
121
460
473
644
282
546
503
518
741
791
894
640
895
147
135
28
353
55
243
341
192
186
179
706
302
814
209
113
294
745
669
338
44
652
737
528
19
430
710
412
245
418
732
985
134
477
341
840
337
178
315
46
762
534
174
433
850
148
455
599
631
65
407
455
577
721
761
349
318
913
771
883
831
403
418
451
969
157
243
414
613
66
674
904
927
679
287
649
171
583
548
277
603
792
577
797
562
155
312
484
261
104
161
931
53
712
662
662
190
10
792
692
211
398
281
179
496
389
952
242
470
279
928
429
426
939
321
500
687
595
542
156
775
965
37
405
78
931
98
786
207
476
556
236
781
241
942
592
52
120
984
20
109
244
348
950
701
908
937
621
558
528
683
741
941
375
641
768
226
27
205
448
43
915
24
990
818
40
619
174
867
641
47
640
366
943
14
352
643
177
800
991
865
826
655
1000
685
62
828
636
666
353
312
583
875
767
298
48
738
93
887
877
61
639
726
140
68
847
216
67
620
685
207
898
215
745
459
540
89
139
606
241
948
643
201
47
494
857
564
588
806
615
939
501
906
418
452
178
724
652
858
840
848
909
300
710
296
926
246
353
848
332
599
432
10
715
434
544
307
392
694
937
437
902
117
463
523
898
273
562
928
367
994
566
928
787
377
716
716
623
248
47
274
523
816
440
636
304
258
162
341
964
870
39
359
634
615
330
183
616
389
946
958
919
530
61
74
30
813
515
396
942
618
382
64
439
344
345
760
763
537
606
1
14
966
223
756
412
8
286
238
490
848
140
640
84
289
686
656
574
672
627
943
139
891
967
529
193
959
915
936
58
984
731
849
365
933
431
892
379
489
899
960
363
851
31
486
22
407
719
122
435
331
956
813
84
915
561
365
512
285
463
99
7
230
474
291
993
107
993
416
135
400
818
238
848
677
427
854
509
708
826
838
478
85
487
846
803
994
773
884
508
795
988
33
881
987
457
586
954
976
852
823
592
167
610
807
786
294
753
722
706
97
287
790
486
78
355
499
399
745
593
783
677
648
106
442
729
887
850
443
225
109
569
530
583
133
227
555
330
983
512
217
388
861
228
41
91
838
80
843
896
166
631
141
363
316
514
111
285
875
44
352
628
225
87
799
787
259
701
755
551
711
664
852
715
672
699
343
77
278
798
334
399
179
414
886
831
423
594
207
903
349
439
256
605
428
502
48
268
351
985
758
834
526
713
449
1000
587
827
529
77
925
262
581
163
784
14
98
656
978
44
50
550
255
428
411
748
671
990
772
475
603
110
835
17
92
852
754
98
276
892
349
106
923
606
502
828
595
960
706
102
836
247
809
578
225
946
761
263
57
879
387
470
126
28
877
254
994
351
662
89
29
558
869
564
568
353
475
882
918
858
788
514
5
668
803
188
969
81
331
976
538
114
390
935
345
539
617
80
662
404
150
365
749
338
841
699
237
868
187
198
368
702
275
618
110
153
432
499
121
537
296
94
218
790
196
934
834
828
945
952
146
515
576
934
493
895
95
680
225
904
479
799
945
868
12
64
157
936
16
711
392
939
912
441
817
315
69
145
787
926
364
636
646
874
918
493
931
741
617
754
444
366
37
789
802
346
160
43
4
865
723
176
647
454
355
226
904
786
657
170
315
553
762
822
208
755
71
49
121
773
238
321
654
773
471
424
473
746
800
204
890
938
106
863
364
938
418
272
734
377
993
152
75
973
643
813
266
349
244
762
967
269
710
165
536
726
469
344
808
827
627
506
208
237
100
123
641
863
508
787
107
954
187
691
177
907
128
529
403
160
563
177
755
127
866
383
80
511
637
38
343
429
722
61
196
992
257
156
493
550
649
363
744
157
809
699
47
386
720
507
283
381
542
453
927
394
921
526
969
498
665
145
692
81
243
133
480
822
746
850
248
469
17
672
515
848
971
9
28
362
75
666
723
51
4
598
2
431
243
994
728
438
160
154
161
389
40
298
299
188
886
638
387
711
405
843
374
973
935
300
313
867
930
78
154
594
462
540
420
53
48
268
270
236
42
935
597
579
40
53
46
940
77
871
773
745
220
779
889
91
887
404
476
854
403
663
392
514
42
55
469
387
936
282
588
642
919
746
536
795
556
277
191
77
639
517
654
892
486
608
314
146
322
233
479
354
768
190
101
4
954
72
822
716
892
518
129
794
248
226
363
27
50
930
128
447
508
696
358
857
379
235
219
699
888
852
129
87
913
114
634
102
325
830
766
165
979
143
886
211
868
863
844
117
836
125
96
746
469
609
134
263
924
787
555
228
850
476
155
317
572
739
885
466
668
25
973
552
717
406
537
494
235
298
597
592
841
124
720
127
689
839
844
279
296
936
962
295
623
401
595
997
635
449
440
904
805
434
732
236
171
705
844
929
421
18
158
60
145
505
239
285
256
122
202
527
519
274
856
75
471
308
179
926
605
317
963
302
18
448
713
33
324
58
718
654
883
895
909
746
445
531
44
68
571
810
840
945
769
242
342
665
274
27
714
288
602
30
268
238
898
611
742
303
544
864
456
420
460
185
852
792
284
547
610
244
952
872
468
388
71
198
907
8
65
8
929
883
666
356
325
599
189
315
186
95
279
140
432
596
376
529
138
192
894
48
326
358
801
123
952
328
832
816
119
664
490
778
862
664
382
983
645
425
252
872
638
304
130
516
944
700
704
413
535
554
51
146
434
945
438
67
771
318
844
688
467
577
815
554
243
662
789
216
428
141
830
675
232
442
847
10
135
638
898
480
660
868
988
801
789
317
797
288
22
597
283
788
517
75
456
399
879
829
7
973
259
554
283
499
26
942
264
21
534
393
32
447
47
512
248
661
935
475
664
523
951
485
406
406
991
871
907
224
731
197
541
792
801
552
355
504
692
546
597
566
51
869
97
491
82
477
527
687
192
265
742
587
424
454
156
285
993
524
586
632
373
719
277
361
102
175
175
235
516
152
444
43
216
51
398
565
765
371
137
990
105
153
47
448
152
593
557
481
473
978
988
300
999
194
953
214
130
616
718
850
172
808
791
702
172
610
389
76
478
723
543
834
761
522
284
994
767
373
249
203
305
562
297
526
953
806
457
41
165
145
344
359
715
408
237
943
215
762
680
513
759
604
287
796
168
69
235
890
214
114
561
42
904
451
242
757
657
587
59
145
408
420
797
690
49
466
998
548
490
411
958
746
991
542
835
370
950
408
838
791
124
288
364
438
910
740
6
825
225
258
881
911
674
249
438
617
230
645
675
383
756
78
64
801
174
377
731
670
348
773
413
361
745
216
218
983
507
376
317
642
311
850
426
177
627
54
778
70
163
457
250
230
461
130
453
781
461
637
437
192
753
11
358
720
637
136
532
117
800
916
127
273
30
547
814
865
84
341
409
288
903
566
325
492
597
87
964
942
850
163
267
278
637
587
227
605
585
370
96
665
508
74
165
933
571
149
317
742
244
69
75
967
122
485
348
646
77
85
56
157
727
714
916
194
392
884
723
831
147
390
552
602
967
409
77
918
744
609
56
265
923
742
905
116
109
877
453
630
428
109
566
449
628
898
697
515
27
365
630
134
341
514
459
752
130
865
898
676
275
958
534
200
17
553
874
661
534
486
322
691
562
830
952
922
935
476
536
737
629
881
116
866
263
984
226
324
868
771
41
504
975
148
639
5
879
773
342
612
687
513
90
229
7
232
517
600
882
287
283
740
974
661
502
228
391
119
875
141
133
69
235
849
33
979
876
447
171
826
53
665
7
932
973
492
676
451
21
820
388
859
865
253
919
555
955
571
823
624
584
643
493
89
665
775
795
636
131
214
711
752
136
58
15
177
572
649
560
8
1000
372
221
32
594
619
702
562
795
631
574
353
376
190
204
543
826
731
219
150
142
611
931
208
566
489
381
991
102
179
107
38
447
130
998
566
935
334
485
994
423
992
205
12
660
455
835
453
135
779
348
473
565
557
877
1000
471
197
163
807
163
18
77
293
665
814
485
838
663
511
971
619
390
855
498
920
994
796
105
69
86
833
907
173
366
588
519
786
827
878
33
136
739
414
615
141
646
830
68
303
778
876
321
518
400
107
15
85
20
655
118
414
97
493
474
899
971
392
368
606
995
309
277
641
662
1000
15
871
462
668
283
873
56
311
5
922
237
180
3
292
529
88
59
736
199
669
239
986
347
506
160
882
486
880
801
69
685
791
424
850
802
967
744
773
194
544
417
679
837
194
94
548
930
605
798
827
504
195
781
850
150
617
176
888
892
369
428
81
871
955
367
830
505
447
221
378
271
917
28
789
753
350
233
405
781
728
57
632
45
750
289
60
116
29
615
47
725
472
294
727
972
740
990
715
563
285
97
912
983
696
231
333
152
767
51
103
724
200
404
478
237
398
109
30
902
126
525
167
578
427
991
366
821
779
355
258
513
432
908
519
642
456
264
310
586
877
260
195
782
77
557
309
576
587
431
330
243
749
338
137
962
932
888
46
401
623
840
593
345
528
271
423
945
229
753
800
992
568
492
688
900
336
622
454
478
614
834
375
259
48
871
764
469
994
808
431
544
368
973
475
133
597
952
769
434
823
938
36
152
41
460
134
100
32
550
856
207
926
507
734
223
330
322
704
843
773
655
266
2
566
664
37
100
744
337
12
344
271
209
632
540
647
258
773
24
141
445
843
412
355
796
589
21
512
973
997
213
46
486
214
607
618
443
801
551
992
194
296
216
148
808
54
404
586
904
157
231
487
27
591
356
813
891
510
391
667
792
836
322
739
971
787
344
3
453
133
941
677
905
382
747
718
358
917
446
978
494
295
898
278
865
196
688
365
371
144
988
180
57
723
762
630
400
418
44
121
991
555
645
591
8
341
18
326
331
686
220
24
738
738
512
571
446
603
670
226
425
60
781
122
970
852
45
879
444
849
460
525
199
203
586
838
118
701
956
698
887
743
661
75
270
191
784
341
106
603
720
692
399
208
425
414
346
495
764
492
392
746
654
309
607
827
369
443
235
70
874
716
499
18
785
867
801
276
973
412
566
444
333
444
715
622
424
590
617
306
429
167
915
389
380
27
126
565
684
741
280
209
234
876
558
894
65
984
964
699
252
993
392
151
925
312
720
485
666
340
832
863
635
143
68
904
469
310
285
936
370
525
251
956
582
752
536
604
283
395
701
11
647
907
842
202
529
978
371
366
119
967
422
821
891
116
758
341
905
407
226
541
651
897
766
73
381
842
825
995
609
683
414
220
332
362
716
391
256
505
478
447
208
392
971
452
559
863
270
827
289
484
479
434
831
883
129
936
944
25
434
530
595
352
46
879
334
950
500
430
138
574
999
762
668
381
143
181
613
774
46
410
835
559
955
217
903
586
954
767
965
29
450
828
943
450
229
227
826
344
300
413
591
16
745
30
387
160
522
47
184
395
373
986
145
495
414
409
170
494
11
944
758
198
649
118
671
250
676
352
834
902
299
750
112
278
441
516
102
728
773
706
245
117
923
68
203
845
305
915
856
784
915
226
250
29
655
250
482
799
18
422
533
66
369
768
347
891
897
170
467
541
943
734
694
485
984
551
839
471
851
717
33
407
970
453
289
401
941
455
160
601
967
830
179
428
463
179
98
68
71
794
220
136
1
252
969
426
229
483
807
927
500
185
694
771
793
154
804
274
898
813
410
472
387
511
716
426
915
311
477
107
542
571
16
200
225
834
736
180
945
993
170
308
12
374
374
596
382
167
106
761
766
324
246
917
759
553
169
654
447
341
514
455
731
70
824
501
585
370
203
443
804
127
680
167
532
885
65
59
891
486
891
356
169
605
374
751
945
428
945
551
162
596
627
944
752
705
299
727
360
436
496
991
863
247
938
134
355
4
72
110
88
255
239
173
116
351
345
710
660
457
836
709
13
20
543
486
795
278
177
951
750
150
361
449
24
936
391
227
393
333
385
159
355
696
79
708
462
178
560
146
533
110
250
569
103
942
214
146
671
740
114
556
804
90
157
896
345
787
407
78
638
391
78
926
462
187
490
535
215
318
106
260
277
246
748
490
384
305
601
139
337
892
614
614
720
911
861
956
497
615
202
469
771
82
606
585
792
719
400
688
1000
388
383
403
525
798
201
144
192
437
655
993
139
148
30
45
317
885
599
174
769
779
376
34
87
159
42
90
345
668
889
974
55
83
711
311
988
855
169
123
15
282
104
692
499
78
633
154
256
205
117
709
64
98
914
787
194
221
608
80
274
259
654
425
6
787
258
800
763
658
292
635
190
168
364
997
764
865
311
92
354
142
774
105
205
697
415
899
156
324
146
579
345
634
237
617
860
196
577
607
864
758
899
505
668
272
700
891
355
78
801
931
44
888
547
986
331
858
95
847
118
836
576
692
944
19
872
815
474
695
835
83
621
628
861
940
553
921
526
670
386
363
757
823
141
947
330
664
263
476
555
33
607
510
272
674
71
790
335
130
622
747
120
196
513
122
738
764
798
827
340
15
279
290
917
841
845
511
333
300
675
599
10
240
767
481
692
165
644
937
88
522
626
200
65
530
172
946
170
954
273
319
790
756
381
810
168
135
437
621
683
901
86
587
60
100
894
501
139
885
129
70
213
104
797
55
757
822
311
187
718
565
164
803
674
575
881
956
15
780
116
164
125
395
168
489
457
629
901
474
837
243
213
716
637
139
456
390
596
654
793
781
789
805
575
377
106
536
589
910
345
157
698
717
17
559
977
200
265
228
778
153
626
726
128
947
673
970
377
439
670
997
98
353
407
498
224
753
117
317
999
10
893
107
615
166
105
784
186
1000
237
144
207
673
963
206
27
292
15
328
418
49
611
200
90
606
748
621
449
721
355
752
386
135
318
783
916
321
980
382
82
18
436
545
716
786
919
707
908
125
745
90
587
221
740
233
250
860
69
228
969
763
85
520
243
390
585
488
799
837
923
745
337
68
383
679
215
628
718
333
925
905
558
218
506
33
760
678
672
355
81
297
120
902
954
685
612
421
120
911
314
522
756
417
240
512
140
947
698
952
432
573
78
773
998
359
185
487
687
42
607
644
272
652
622
386
762
927
219
798
890
818
661
265
761
791
461
398
693
364
612
661
286
602
517
954
762
705
711
663
458
370
380
966
586
731
812
8
853
79
875
472
551
899
886
873
761
410
58
620
641
562
950
739
583
373
12
593
697
905
860
559
391
936
8
409
48
128
409
478
796
820
537
708
607
689
423
2
37
666
934
692
968
93
390
90
315
524
178
681
963
917
256
257
888
786
588
909
65
50
517
590
701
214
783
457
179
645
855
460
411
872
378
277
507
54
462
235
787
81
551
58
640
623
372
756
37
427
831
91
429
553
321
823
371
709
803
286
770
533
78
135
165
651
829
655
240
228
309
773
989
147
748
253
425
750
367
136
468
672
370
889
548
382
460
738
683
602
944
382
268
43
445
836
122
547
342
954
1
15
692
992
227
978
303
873
629
643
945
397
271
259
683
393
215
592
349
46
902
340
627
6
410
710
851
986
562
488
288
223
542
431
57
260
956
447
834
142
948
565
266
388
613
538
868
75
837
623
863
539
677
987
198
648
850
222
880
626
78
482
256
589
693
877
398
330
785
577
109
204
462
860
803
572
46
480
172
21
206
835
951
929
39
992
847
570
94
116
732
642
645
690
152
100
440
600
394
872
168
704
278
283
100
24
947
565
739
666
923
937
731
668
719
544
636
649
153
959
262
79
919
844
159
655
31
653
382
232
805
105
179
620
343
756
172
169
938
831
242
833
370
910
202
947
118
561
733
408
841
148
856
647
410
655
596
537
29
990
967
325
776
930
274
430
455
382
377
256
400
755
261
566
144
413
261
879
252
75
977
332
185
787
766
740
20
115
317
113
970
545
332
512
370
869
291
388
614
1
792
932
574
32
812
832
421
532
467
56
842
262
632
102
679
210
495
663
414
113
65
542
759
597
923
40
963
288
688
137
973
374
114
157
83
278
597
984
369
973
229
919
454
219
346
549
902
68
163
335
174
224
200
832
219
507
111
77
851
941
536
394
762
876
888
44
935
725
402
220
165
823
569
59
578
120
152
352
507
694
274
828
966
336
234
679
718
90
341
872
411
732
827
568
671
731
577
855
986
454
162
430
207
554
665
916
781
295
929
578
376
506
485
526
605
257
992
859
849
241
982
55
706
411
97
148
164
83
494
168
245
232
197
45
210
487
540
82
320
456
709
672
163
71
531
502
523
411
753
997
514
707
19
180
880
116
107
5
159
388
565
478
103
139
139
418
35
93
371
998
994
393
140
932
983
805
300
675
537
303
109
172
235
917
283
110
693
598
160
396
890
559
640
898
264
640
845
283
163
460
180
254
291
820
486
805
257
508
529
349
78
892
804
8
219
617
990
630
58
994
712
191
44
51
646
923
889
117
946
226
459
60
145
60
315
64
396
355
331
901
872
444
962
683
199
50
755
238
509
370
502
822
603
416
85
8
127
897
448
268
762
214
634
214
521
240
250
69
133
262
395
247
67
497
621
98
805
456
978
292
55
580
705
452
290
174
934
423
316
84
335
476
230
600
553
393
253
232
201
396
114
359
260
730
2
194
103
947
214
4
711
675
996
195
659
403
612
721
821
903
756
60
789
438
133
350
694
917
131
398
887
755
833
325
419
686
947
73
377
885
170
854
629
668
12
464
45
812
25
930
668
440
911
322
435
536
175
818
691
26
29
177
644
708
708
456
146
532
256
822
954
952
34
780
249
166
7
17
622
429
370
56
243
410
325
749
511
236
372
203
255
808
274
625
961
967
2
737
935
67
200
975
802
805
317
712
13
449
662
872
302
392
333
971
392
805
695
301
411
386
196
626
482
200
739
487
404
90
363
694
597
475
899
454
738
251
611
425
208
414
344
428
613
220
524
699
653
2
100
859
606
216
896
285
621
57
750
818
695
255
56
9
321
324
625
330
425
178
660
311
506
339
269
702
468
514
630
577
177
224
236
149
721
344
943
534
535
316
181
826
170
325
728
281
685
31
731
756
679
162
593
915
963
122
38
93
625
328
260
395
196
616
647
285
531
465
121
108
936
367
359
103
547
476
643
423
415
395
256
34
932
859
385
395
716
275
634
616
767
32
332
259
631
632
566
994
123
963
367
824
688
612
157
89
932
36
217
265
554
368
552
86
1
542
396
529
588
460
657
906
651
609
224
425
480
186
768
157
276
70
232
416
272
442
134
609
44
182
714
721
59
750
660
215
316
634
138
245
483
959
323
976
422
731
855
531
361
501
717
733
611
99
116
470
318
25
697
638
451
9
783
391
276
958
162
341
463
176
204
781
458
667
233
228
377
383
834
299
578
953
725
370
834
817
107
489
773
218
641
1000
873
461
919
185
395
327
100
769
338
590
337
835
183
96
369
909
427
700
616
136
745
767
489
260
872
72
373
522
498
492
603
136
415
99
307
169
995
505
826
418
755
918
665
182
180
910
565
955
333
202
41
762
632
317
319
283
429
328
699
839
510
167
145
869
796
634
673
558
265
60
378
592
684
815
164
214
888
390
37
78
5
25
797
586
854
365
681
936
665
434
20
490
370
715
673
943
584
858
203
880
783
945
110
443
404
321
963
476
364
663
919
215
973
154
724
95
715
519
119
330
285
389
656
210
93
225
214
646
268
251
160
351
507
423
293
276
347
861
37
126
743
777
661
613
148
260
47
161
832
769
327
425
216
273
776
352
776
168
173
955
183
373
424
268
248
214
815
546
98
474
514
942
81
861
862
672
291
327
837
40
203
493
387
102
394
86
162
882
897
864
112
692
281
169
28
78
731
118
644
21
88
816
370
84
818
961
506
408
312
491
550
373
982
914
226
855
747
677
520
154
322
17
670
67
666
966
619
845
766
552
205
621
597
695
734
94
242
207
194
686
509
273
258
879
705
176
925
262
980
509
634
367
762
484
407
904
826
940
461
17
311
315
465
651
593
767
580
366
490
646
140
825
257
40
954
966
218
272
178
587
484
430
670
642
849
735
963
177
562
188
202
891
177
359
80
798
124
305
271
443
153
407
946
921
853
80
941
354
59
40
531
940
267
209
718
177
64
325
131
176
361
652
875
914
321
252
555
598
623
500
316
717
367
769
828
758
439
993
443
451
843
242
447
51
185
156
177
326
734
259
318
644
559
662
358
382
89
875
8
739
137
393
77
733
188
395
152
737
313
300
532
746
874
22
6
31
247
273
599
56
875
322
84
637
877
394
917
280
903
331
945
990
635
638
528
649
289
32
368
105
850
904
433
110
1
834
369
608
308
639
921
720
815
523
301
364
649
174
736
366
110
36
253
37
163
509
800
475
957
877
611
262
346
789
217
568
758
56
615
894
144
255
693
284
571
181
298
648
365
948
541
626
899
790
437
955
387
965
634
675
864
908
329
992
714
859
340
454
531
447
208
154
844
735
853
102
470
769
946
465
593
43
750
355
848
778
384
125
890
510
624
719
67
556
123
928
481
99
643
794
88
615
692
195
182
9
185
373
760
605
573
639
283
171
394
234
147
567
830
620
336
569
280
305
468
333
976
317
23
180
580
227
43
553
764
49
16
228
623
450
537
163
51
610
77
124
585
326
143
573
663
361
310
181
196
440
357
367
488
327
404
318
993
473
934
635
735
61
353
857
721
67
281
530
941
971
390
615
124
78
25
364
155
651
475
770
884
52
173
475
107
974
1
185
569
941
144
855
69
725
818
743
646
810
857
410
650
929
94
971
658
557
371
357
659
643
415
376
934
917
205
784
969
123
109
766
917
118
673
589
78
387
649
349
718
646
512
660
970
540
141
136
683
208
139
119
214
407
26
655
628
428
124
574
291
325
872
195
492
876
442
59
691
543
704
62
337
160
575
215
541
781
636
671
383
329
140
66
404
97
660
416
789
896
450
510
136
444
586
763
365
471
913
643
986
303
758
343
592
854
524
931
924
475
530
519
487
367
331
534
38
784
982
546
162
713
391
566
24
265
628
67
995
776
8
332
662
629
436
274
882
546
761
280
526
830
927
776
409
386
522
172
698
621
807
854
641
656
467
944
788
418
61
629
219
45
495
502
260
168
208
622
527
971
461
815
371
670
780
618
183
66
439
315
426
910
567
762
436
884
351
156
643
689
493
583
263
920
756
146
13
648
468
467
696
714
24
543
635
204
191
373
689
240
661
379
573
341
79
776
674
941
330
96
189
941
756
451
430
121
793
639
698
413
455
41
940
509
163
16
343
22
882
754
189
587
609
164
180
449
6
855
332
987
844
278
410
727
459
833
944
54
989
205
546
960
794
193
427
174
741
706
670
798
189
552
869
403
397
855
830
154
700
271
304
30
413
365
139
909
896
783
645
441
880
220
334
168
724
154
477
212
238
702
872
892
62
479
456
905
679
19
563
761
289
449
800
999
478
637
126
273
982
903
222
689
851
444
292
229
636
540
26
440
518
474
661
742
607
864
366
387
570
72
267
957
126
660
947
437
326
990
205
682
242
480
282
286
900
486
966
792
773
815
91
592
294
344
526
174
543
649
864
299
259
582
910
510
641
328
722
968
629
705
360
689
54
115
513
105
181
569
819
815
988
828
375
22
429
784
410
163
206
396
597
472
556
966
149
108
884
493
19
905
676
909
653
924
480
94
755
633
926
837
395
180
291
810
662
929
171
880
569
765
548
817
597
51
187
559
487
56
287
579
48
639
369
882
606
405
666
19
233
46
821
283
159
615
73
377
657
433
616
106
947
957
442
470
512
634
963
9
812
505
432
859
704
946
302
57
50
763
140
945
250
296
100
514
654
998
806
994
143
735
476
781
569
561
839
301
839
903
841
884
861
527
217
524
196
754
842
408
201
15
44
473
798
24
146
522
344
523
114
275
288
186
152
378
842
20
75
405
225
154
631
137
520
42
993
846
650
839
814
137
660
328
908
121
182
485
495
451
541
837
6
918
180
754
587
215
558
923
871
958
470
601
291
31
295
587
424
250
812
362
121
219
177
949
411
27
624
551
764
757
174
668
105
74
451
791
414
534
126
711
330
521
454
310
168
286
305
849
559
7
273
98
819
855
50
513
546
942
966
246
719
585
322
128
651
440
190
266
343
422
336
745
636
572
441
192
451
934
591
132
597
309
314
439
580
20
799
801
991
3
895
906
514
926
449
946
268
862
796
762
240
47
830
464
661
905
80
79
950
928
504
820
354
428
525
466
692
913
254
447
276
728
252
324
149
388
331
233
197
342
589
15
352
802
167
924
357
999
402
419
623
299
547
754
494
789
884
34
60
513
401
234
544
255
259
835
6
964
201
717
829
727
506
609
7
622
524
870
61
879
288
509
49
231
611
84
602
430
286
455
507
249
71
26
324
567
222
232
855
29
602
279
404
482
561
513
222
595
387
589
260
792
768
28
185
61
965
884
108
10
939
121
937
635
248
607
758
568
133
617
847
343
230
645
778
454
228
78
324
425
702
825
290
530
260
576
841
435
963
538
62
334
740
344
638
566
533
378
912
779
62
480
982
746
165
929
728
410
523
40
793
969
260
634
336
37
491
65
744
923
108
884
896
291
896
749
51
90
909
354
161
799
699
228
413
998
336
859
341
665
148
215
261
930
470
225
36
641
877
560
934
476
56
308
192
458
303
879
695
567
440
399
33
916
651
349
370
708
53
313
393
216
889
340
441
396
586
188
576
55
451
276
139
359
311
881
848
722
169
894
10
814
646
65
441
498
374
716
775
867
782
253
509
145
681
766
964
71
322
965
292
70
92
741
168
522
226
292
215
891
391
339
517
958
591
985
912
834
940
584
628
619
835
558
159
219
308
693
774
811
165
380
438
166
64
404
748
535
840
307
957
622
176
837
654
279
260
406
358
755
574
825
311
189
906
956
505
750
475
473
503
321
60
407
816
136
551
95
919
813
505
848
123
954
420
468
479
442
20
496
539
317
347
695
594
184
541
791
250
738
732
843
631
688
29
872
145
690
281
496
409
925
726
754
912
311
99
88
127
189
319
503
368
888
715
67
860
132
971
96
787
32
481
618
255
617
250
214
297
158
439
902
27
285
157
409
140
733
574
777
655
186
758
828
140
989
518
195
877
873
973
678
122
95
42
302
854
194
978
25
456
716
752
530
500
695
304
118
239
109
588
160
502
713
320
486
231
987
445
954
798
400
9
569
881
311
349
479
61
893
158
514
495
458
405
675
868
874
519
568
25
13
501
548
188
664
373
877
937
634
871
597
853
87
161
346
535
376
188
350
586
33
812
503
597
562
892
784
91
87
72
295
163
104
57
565
385
321
365
249
403
602
716
765
964
696
356
504
477
675
494
34
295
854
350
435
866
123
631
924
514
284
853
987
468
419
617
524
917
579
896
771
156
108
589
179
131
67
906
922
945
671
819
731
667
677
563
667
23
317
117
540
560
267
597
181
141
847
692
47
153
950
183
690
876
55
944
478
968
958
508
563
333
444
99
793
566
973
860
872
170
705
534
162
341
219
960
796
460
733
874
216
684
866
361
406
555
963
87
919
781
747
241
536
345
762
119
957
705
62
263
643
493
765
611
773
281
709
678
136
163
196
907
655
646
72
879
167
106
432
9
140
417
657
33
339
907
706
814
806
947
416
718
955
864
59
763
901
957
151
872
121
761
44
152
138
863
231
567
910
591
519
551
863
180
64
964
851
725
507
736
308
540
892
481
864
233
762
22
762
560
347
581
56
454
934
352
363
472
855
947
346
621
823
631
495
919
961
731
264
189
13
54
815
580
657
726
579
938
739
268
653
202
480
157
628
59
673
635
569
296
609
82
411
489
864
859
756
936
490
877
226
542
457
87
528
780
103
247
923
466
397
534
253
307
119
873
605
6
917
209
452
239
771
956
354
109
778
691
287
81
109
634
698
173
453
3
566
539
398
682
872
617
64
698
162
452
446
847
675
113
706
739
21
358
239
170
573
7
318
197
111
890
962
778
559
556
699
122
129
801
399
594
482
416
452
794
293
828
263
353
375
44
465
664
666
555
524
938
318
329
386
603
564
513
271
774
537
314
346
844
337
198
808
388
730
893
121
470
708
547
985
743
159
149
464
112
469
888
523
862
756
603
969
748
438
416
182
932
745
455
323
722
391
443
484
322
670
306
16
988
857
265
181
287
798
558
897
595
54
29
283
694
904
739
200
320
70
286
150
950
678
603
12
459
874
166
360
107
280
990
232
766
803
95
33
107
209
622
268
474
963
496
699
496
624
267
369
159
250
123
87
908
912
767
879
71
290
313
61
999
384
898
177
299
995
460
111
474
465
773
535
956
590
499
286
254
702
330
74
722
316
544
218
732
479
34
772
31
223
284
756
406
420
133
716
235
959
704
62
508
487
60
436
937
478
789
937
567
537
225
837
848
60
83
149
736
955
180
689
354
874
21
68
121
982
415
256
607
681
19
223
481
42
914
698
393
555
574
934
419
378
94
562
993
816
126
642
615
837
829
712
975
362
158
934
319
277
312
892
294
689
982
8
746
587
151
57
453
830
374
708
411
391
467
231
997
378
441
305
450
4
454
840
449
887
174
208
24
129
312
571
96
429
784
987
574
424
203
706
92
693
862
235
990
826
487
982
317
81
410
128
935
416
214
153
709
569
165
596
644
747
752
850
893
735
537
575
853
939
655
452
670
226
93
179
292
314
451
102
24
717
35
489
616
186
813
651
309
841
612
185
972
185
583
443
950
286
897
341
320
971
401
415
699
53
739
589
765
408
501
192
342
623
467
147
956
808
411
415
416
590
378
447
183
190
677
909
913
378
209
467
861
905
27
171
540
948
320
592
9
970
935
770
344
590
706
942
267
396
249
444
350
16
711
703
533
583
219
960
816
227
664
987
982
579
197
377
399
609
277
468
9
786
128
974
484
722
905
867
246
677
414
586
512
703
939
424
198
37
79
389
539
130
374
620
571
379
261
303
175
275
665
114
596
720
376
323
372
507
830
64
204
532
450
305
452
156
311
698
971
913
443
674
112
534
995
631
130
144
117
911
609
874
620
576
522
322
824
186
927
586
867
527
69
920
214
218
876
422
922
229
259
882
183
377
185
503
872
738
781
258
580
705
295
951
199
216
620
458
767
81
758
982
16
96
689
721
944
556
336
5
20
874
854
72
249
674
21
717
196
975
27
794
850
339
975
128
840
82
873
678
349
378
319
31
659
529
993
895
266
399
230
257
701
568
396
156
211
427
268
241
311
525
524
903
976
391
548
719
65
836
113
81
98
364
452
525
102
204
60
90
187
515
880
611
446
935
446
957
324
46
959
522
641
189
8
657
157
516
451
884
546
224
92
216
159
640
613
800
192
112
50
267
564
217
453
954
117
143
411
451
924
626
973
624
299
917
368
976
441
986
582
629
337
909
874
717
827
492
104
649
697
861
579
537
403
736
269
718
196
817
83
462
195
343
574
228
708
511
339
397
492
226
683
884
112
939
444
831
246
290
687
407
770
212
40
396
330
456
497
23
547
891
102
430
10
525
946
396
444
387
577
839
662
275
348
424
390
674
169
494
944
553
897
99
409
4
279
957
352
842
919
838
880
991
29
948
320
885
818
346
467
111
819
374
616
325
89
409
379
395
266
186
834
649
958
363
768
765
995
946
558
972
241
746
829
285
503
223
229
750
605
605
354
101
951
154
169
880
496
384
831
533
565
308
443
867
478
921
847
335
497
477
490
616
246
483
105
627
316
80
690
528
571
622
296
691
479
484
986
365
83
971
955
600
820
875
147
806
378
412
796
474
714
277
238
85
871
633
572
491
644
957
806
316
132
460
869
300
290
51
649
818
209
484
270
725
862
287
778
754
33
92
617
559
495
227
42
148
667
165
711
964
512
216
528
825
784
334
33
725
121
623
592
433
851
315
448
186
907
560
945
311
363
602
461
813
999
286
60
115
570
198
385
983
95
296
963
847
176
775
365
152
627
656
862
714
135
6
545
417
324
327
943
534
208
661
328
612
307
334
766
756
364
164
306
402
649
21
828
94
107
228
56
379
544
919
659
83
39
719
466
161
327
371
684
22
793
909
603
949
113
867
783
383
985
415
106
695
118
600
693
126
690
527
682
361
528
98
32
350
458
461
266
83
518
324
928
527
189
602
820
967
499
229
119
762
986
456
266
181
527
623
45
656
955
583
203
895
547
499
411
170
601
928
849
694
881
202
588
721
620
613
597
354
392
149
398
975
534
102
113
332
283
764
220
11
552
228
428
631
258
42
383
583
826
128
40
657
246
406
958
589
391
196
470
790
105
506
93
253
949
321
663
237
178
383
171
367
512
910
84
671
396
29
609
14
647
222
973
487
831
183
417
266
492
225
53
731
332
28
363
212
400
233
12
599
389
686
768
53
947
926
979
666
617
614
906
734
423
985
474
845
771
701
490
504
229
956
116
554
923
828
912
548
438
39
641
274
402
731
197
11
426
955
305
949
658
868
939
167
899
345
447
245
746
208
858
207
593
259
42
250
269
632
900
646
999
322
644
198
931
725
329
571
60
829
407
170
405
944
59
353
433
311
178
350
893
105
50
128
889
624
367
195
218
554
568
969
867
586
271
228
999
28
349
445
881
997
476
896
364
144
930
717
3
810
341
672
658
639
441
402
571
458
940
382
467
90
771
133
746
647
618
67
15
545
128
423
769
753
88
311
422
158
601
529
736
386
991
107
411
746
328
13
249
250
63
418
327
350
517
834
653
242
931
803
1
403
850
219
524
779
435
983
316
289
271
983
377
663
800
704
368
907
853
633
378
102
122
63
494
296
198
225
291
954
308
908
135
274
387
160
27
906
630
329
701
922
988
351
516
185
288
590
127
520
314
247
263
808
349
925
280
575
519
233
444
519
228
702
440
518
691
422
309
583
328
148
313
895
720
55
435
113
664
45
906
603
854
758
895
471
662
764
614
147
639
242
817
521
787
658
861
807
99
101
251
104
873
392
272
362
980
369
957
990
679
966
72
555
770
150
345
579
63
421
343
892
30
484
192
929
234
631
884
734
330
374
883
151
457
93
618
858
734
484
595
208
773
631
841
393
668
327
304
773
167
423
395
539
84
40
507
93
432
790
455
506
488
336
87
324
425
204
704
839
32
672
707
312
234
706
46
747
382
42
145
76
278
842
82
431
810
909
546
984
93
525
365
948
526
163
894
765
968
524
801
842
306
358
39
461
503
703
438
403
519
429
790
824
781
975
101
64
295
171
243
951
849
6
255
34
546
184
720
76
662
237
29
18
370
813
950
663
99
748
849
224
143
11
78
41
906
893
530
319
547
59
920
196
645
88
915
54
502
342
294
168
699
375
893
207
426
229
185
846
462
659
495
763
399
385
233
600
807
124
67
154
959
955
976
837
880
475
523
751
730
197
799
873
656
659
279
793
753
646
334
554
113
563
744
882
46
609
95
755
252
276
256
683
1
557
731
77
498
256
102
181
716
229
731
639
492
120
693
81
551
721
679
180
490
740
813
367
764
281
353
380
391
342
791
170
835
480
122
265
131
670
61
321
798
998
506
763
551
942
254
526
637
724
43
499
883
318
301
617
313
924
78
731
458
696
522
189
164
189
163
139
260
269
190
225
927
681
389
924
489
693
235
128
442
617
706
671
196
114
424
113
374
671
262
678
372
564
608
6
381
298
328
513
979
525
667
871
207
605
26
954
419
22
755
111
14
136
493
241
251
487
551
21
938
275
977
711
365
322
362
964
724
41
633
126
770
527
747
315
358
482
915
301
532
32
86
476
553
239
915
368
954
485
897
127
685
873
912
237
590
728
14
791
587
265
12
327
265
746
375
531
717
641
240
494
636
371
580
677
107
200
100
828
592
5
294
295
375
752
674
976
813
392
110
367
209
203
787
86
406
270
805
345
235
488
495
516
691
839
509
21
877
442
256
13
837
325
494
539
689
745
719
337
188
305
345
189
447
934
125
985
595
803
215
196
16
889
98
895
42
157
994
889
910
237
512
235
745
343
330
29
386
906
120
39
947
75
31
832
308
457
810
995
775
666
165
676
781
20
544
80
880
588
306
122
639
778
379
887
221
570
784
243
610
837
99
722
240
231
633
560
183
391
547
465
810
865
525
994
865
207
249
133
13
84
565
105
878
568
681
744
88
671
690
120
425
57
962
642
69
843
926
718
779
429
118
133
949
187
89
973
988
396
478
272
401
213
275
677
61
567
698
734
714
157
32
137
440
471
700
672
353
441
142
32
21
189
461
813
287
637
799
821
486
146
110
256
389
624
325
991
771
279
255
866
691
459
408
696
718
61
386
66
92
633
593
152
847
902
127
12
72
768
914
362
847
937
945
838
400
652
218
581
904
897
631
67
924
556
804
580
403
733
475
699
903
409
208
38
184
416
53
543
632
821
839
804
872
794
863
777
778
713
74
905
45
691
418
113
700
645
51
421
23
238
38
824
320
147
66
32
736
731
22
375
216
115
904
740
48
963
897
288
715
375
166
730
625
87
360
396
691
704
133
235
491
945
302
546
729
838
95
168
663
160
202
629
687
123
980
841
479
470
925
438
788
55
844
977
692
125
818
228
186
932
651
423
565
140
104
658
898
90
375
253
438
702
681
272
525
931
859
468
118
794
981
904
188
552
150
484
446
459
535
2
623
305
51
232
160
425
134
495
441
896
603
319
684
973
859
121
58
245
949
827
67
496
945
752
259
586
204
637
703
899
639
493
524
255
239
62
801
87
999
850
896
398
857
710
409
437
57
678
71
152
811
208
512
287
615
429
961
421
740
739
128
100
338
629
329
63
127
697
401
494
387
57
646
54
532
387
237
943
442
761
122
124
852
122
324
959
105
231
335
10
416
478
536
334
529
419
324
88
617
2
489
935
370
142
459
776
9
997
409
722
798
873
461
482
328
89
224
224
214
374
340
152
967
391
127
562
187
789
183
146
391
528
208
241
941
976
952
18
681
268
548
390
830
831
952
465
183
622
779
410
590
155
88
31
281
165
182
287
672
517
425
134
584
139
855
468
171
815
659
158
629
545
662
644
89
601
73
393
442
7
709
462
730
21
235
447
862
568
668
933
728
763
258
794
644
851
804
984
516
764
966
723
316
322
839
634
743
305
922
970
512
222
886
707
281
268
126
353
599
56
633
540
484
533
202
560
172
833
353
310
48
614
873
785
287
713
624
290
344
142
746
285
953
323
726
321
275
345
952
780
227
166
509
533
915
525
930
944
151
564
413
45
992
701
530
105
4
214
104
995
60
233
642
577
637
52
870
633
128
82
57
912
402
585
113
950
381
746
729
840
949
212
745
245
419
817
939
826
13
167
55
214
212
8
856
166
125
699
501
353
569
393
633
317
861
313
107
449
394
124
39
530
246
793
259
510
785
299
251
404
777
70
566
561
967
357
718
988
824
7
723
43
12
877
257
412
258
342
77
70
779
668
149
909
410
708
485
593
699
169
466
983
841
266
411
502
877
711
475
436
526
264
257
647
492
679
120
764
563
905
455
235
815
304
961
257
194
204
334
165
847
301
737
787
667
251
448
652
879
191
223
676
639
447
669
491
654
629
798
557
432
225
287
986
862
42
533
238
893
913
335
210
71
951
831
193
569
905
452
476
523
995
979
566
956
147
217
521
995
177
251
591
599
70
775
978
128
578
536
597
27
387
630
632
826
221
364
960
242
189
744
589
211
245
70
810
116
804
701
64
932
387
56
51
722
128
966
251
278
918
259
997
429
491
749
416
185
905
872
696
998
214
866
454
31
140
976
494
679
242
375
64
960
937
172
736
536
704
292
998
751
456
372
718
82
8
603
465
370
338
971
626
534
244
444
690
149
33
561
92
53
437
41
82
264
893
639
830
697
948
338
722
443
503
933
657
818
570
720
763
223
544
430
893
929
856
181
526
351
658
306
691
263
678
954
828
338
702
185
901
173
166
767
615
330
451
846
92
853
194
245
214
432
164
400
489
343
545
238
44
572
833
73
996
484
476
682
632
832
660
155
598
853
46
395
949
541
845
397
153
324
278
473
339
603
917
881
254
624
190
853
243
132
293
344
93
508
120
945
670
777
983
204
256
776
890
654
917
50
843
28
887
677
840
780
505
426
675
26
484
701
754
652
971
432
623
215
456
207
816
80
268
53
968
676
59
526
84
593
21
220
455
258
959
514
279
230
464
972
230
834
252
885
114
106
460
558
325
164
404
910
158
806
372
693
294
531
807
144
467
178
455
560
609
295
344
51
844
200
120
233
687
457
317
640
232
376
791
144
449
825
409
24
353
227
77
344
793
346
917
748
192
691
259
432
847
891
241
422
933
985
458
281
533
127
287
278
755
933
963
278
498
909
560
573
457
296
791
270
913
312
956
844
561
332
87
42
795
487
397
309
564
497
149
573
408
532
691
728
643
168
824
358
57
281
560
965
215
348
378
119
183
5
340
552
496
147
981
56
764
370
705
847
368
728
409
180
568
137
600
836
8
324
606
706
92
419
265
993
913
871
247
923
818
385
405
142
300
338
364
682
146
980
983
484
898
359
910
326
885
861
542
764
347
254
158
257
957
189
379
64
529
433
493
563
882
261
568
736
126
720
508
278
718
838
822
821
248
917
637
83
616
704
125
824
771
736
711
795
851
302
991
738
655
522
60
302
56
360
628
837
812
957
606
358
406
614
806
840
972
314
492
908
864
51
341
246
8
625
113
256
895
390
35
656
961
707
509
557
402
722
537
333
744
98
929
513
988
366
527
143
701
542
462
408
422
669
799
576
403
161
828
425
55
166
906
840
41
475
783
590
602
75
560
728
993
878
901
256
624
765
570
714
452
50
448
271
624
710
26
509
987
968
241
773
917
493
769
236
870
162
978
51
255
996
415
143
479
809
562
945
88
332
526
615
624
596
203
338
496
174
94
358
568
823
815
548
216
851
713
99
504
489
270
203
506
908
904
617
739
91
568
558
542
505
211
368
464
327
864
295
909
445
532
585
178
813
398
455
769
104
979
606
152
22
987
462
954
923
210
734
460
540
960
222
761
574
754
36
375
536
950
520
351
60
947
736
393
714
223
813
310
733
886
547
637
251
842
325
510
465
366
767
178
357
929
914
673
211
201
603
370
369
830
932
231
866
331
506
710
382
136
254
961
832
139
332
935
512
626
439
9
111
322
602
581
53
980
760
287
470
682
670
851
352
254
140
268
167
60
975
8
58
371
866
153
883
592
752
870
755
51
836
128
588
880
513
206
364
303
506
761
489
476
452
833
399
128
830
102
812
358
72
247
365
543
817
7
518
951
448
114
854
446
164
933
936
455
84
972
571
940
743
409
91
480
85
716
38
203
844
989
104
370
644
308
79
117
428
721
447
303
978
796
992
985
688
871
115
384
353
183
873
778
984
854
948
741
481
748
411
384
406
802
659
87
83
917
288
939
330
649
536
120
984
587
41
766
286
238
238
81
442
759
318
393
587
641
580
619
544
330
48
885
586
795
245
350
5
420
769
243
611
526
264
723
25
80
953
733
528
250
960
116
622
773
106
674
530
697
428
930
723
477
860
380
842
74
246
685
339
80
377
645
440
937
496
583
742
481
65
444
758
436
857
904
245
607
518
428
940
262
779
802
385
821
144
852
245
663
431
934
628
242
352
607
368
848
942
788
693
616
96
845
774
779
657
246
583
336
288
311
562
32
537
516
978
146
506
206
787
432
183
856
104
401
87
979
331
613
468
42
520
924
382
263
226
39
937
92
757
877
930
363
754
783
527
967
871
853
780
192
772
639
270
827
311
669
820
760
113
431
321
434
14
765
644
410
609
201
120
476
38
536
644
8
494
908
651
667
511
189
573
180
425
155
77
72
946
6
409
798
650
423
597
435
352
812
984
78
107
327
550
117
778
231
244
287
909
182
199
49
34
786
182
457
817
469
371
965
319
60
629
789
263
555
777
133
556
423
356
748
449
563
419
280
18
500
164
855
744
301
842
623
656
196
517
392
404
987
536
500
129
792
337
118
351
413
724
232
36
40
96
211
818
276
72
915
876
31
219
521
589
274
637
519
209
284
108
503
794
431
572
53
221
313
539
16
466
964
918
821
583
487
690
179
710
611
932
824
858
126
841
171
958
492
254
552
910
833
98
160
676
440
399
614
988
119
93
331
313
561
455
370
374
970
476
213
773
166
343
190
315
171
79
615
978
267
215
83
894
475
783
882
121
502
18
561
279
323
6
759
674
170
584
969
663
83
637
24
808
855
497
814
56
773
132
276
858
991
960
158
610
226
540
805
121
26
44
117
789
651
903
453
719
145
631
554
628
265
813
940
157
510
739
646
664
549
816
426
724
208
775
907
656
487
664
682
981
731
13
658
63
217
22
108
768
453
382
747
829
340
189
369
390
41
492
720
411
337
27
490
554
311
334
146
18
505
67
648
691
257
78
945
331
516
989
340
755
678
397
486
136
285
867
175
387
50
332
219
185
291
886
507
243
843
924
233
295
448
509
223
789
860
702
816
371
893
812
613
698
557
154
626
111
923
801
535
410
216
987
480
490
482
519
133
999
964
217
218
935
564
903
7
266
645
573
33
646
611
345
312
300
673
55
104
392
694
94
544
109
835
266
381
447
294
280
176
719
451
269
228
75
22
776
57
963
402
691
972
468
246
366
132
113
994
43
542
310
190
467
610
515
355
360
28
559
800
65
60
610
463
985
311
161
301
40
740
798
469
672
855
302
294
961
689
306
640
751
110
734
619
255
830
276
609
613
68
482
687
224
290
800
776
652
595
563
569
455
40
149
870
53
828
923
867
909
448
197
44
889
431
226
38
410
378
889
508
217
70
185
723
423
57
801
550
478
129
497
843
702
629
703
707
217
346
563
230
295
791
188
325
323
209
425
422
804
120
769
116
749
984
322
596
709
402
438
329
216
40
561
985
540
492
533
774
164
321
766
190
665
416
599
451
532
533
891
364
621
464
180
649
168
76
399
843
282
211
222
506
536
376
205
317
881
764
862
406
815
978
997
779
106
706
596
6
380
106
264
534
734
736
770
404
282
65
535
919
959
62
513
624
264
34
332
934
485
965
530
627
633
923
799
342
626
358
501
727
580
16
105
294
326
650
572
60
51
984
3
592
171
610
55
843
303
756
854
853
33
231
993
310
306
918
868
605
81
986
713
197
531
735
821
315
269
765
696
449
52
15
154
782
966
895
209
940
942
976
676
8
52
315
323
942
66
571
52
450
248
824
552
152
409
584
668
957
516
25
713
252
244
728
260
562
776
574
718
74
620
205
245
881
918
584
977
931
65
640
512
837
750
720
186
408
614
802
590
661
401
759
732
531
667
538
209
851
185
686
942
21
856
108
161
871
695
326
562
997
304
967
327
644
59
672
936
702
859
941
612
249
646
909
786
968
817
14
505
185
626
655
625
941
325
196
640
995
760
677
998
781
934
79
425
601
799
994
969
153
6
9
141
699
355
805
524
394
503
338
269
484
378
521
896
378
80
365
50
651
639
854
661
769
723
816
654
587
747
685
837
425
538
791
737
67
710
390
209
258
916
312
4
821
410
708
962
493
795
895
840
89
14
296
472
372
288
939
943
794
990
361
709
174
316
293
272
559
353
993
490
87
400
351
598
578
1000
489
719
293
989
682
145
476
645
219
38
307
164
55
834
638
304
486
136
833
53
69
75
769
699
789
397
96
379
792
555
598
118
287
375
706
870
775
413
61
442
295
815
215
967
924
561
312
545
909
54
753
382
359
17
904
620
874
812
584
198
50
996
30
43
143
827
741
190
533
245
11
167
741
643
585
465
386
436
695
722
861
783
902
14
249
426
20
836
424
766
764
48
924
192
411
743
479
282
93
158
772
624
805
499
227
211
824
578
969
617
515
690
190
955
632
814
677
174
94
916
767
907
166
273
601
263
198
499
569
636
770
293
853
150
614
199
740
358
653
771
514
954
885
457
896
427
680
260
498
590
949
347
616
500
5
297
646
482
926
741
836
865
700
267
590
39
683
945
181
540
710
963
780
142
299
648
60
830
861
218
417
545
793
697
530
192
345
233
477
200
748
823
88
98
123
137
345
891
182
731
303
366
485
922
375
726
871
269
681
484
911
167
288
599
450
455
453
247
866
736
660
456
734
873
214
542
504
805
933
923
358
468
475
754
385
265
60
400
329
410
839
326
414
203
49
392
360
955
946
313
633
918
382
837
806
9
253
93
82
97
715
502
611
221
984
82
130
759
442
14
15
614
766
139
339
575
555
485
884
919
487
422
325
203
672
148
499
361
165
727
17
380
737
844
189
596
199
269
361
556
513
727
195
970
311
858
805
378
510
285
461
915
870
223
774
936
484
975
502
280
686
805
622
247
897
550
261
891
870
156
565
656
649
619
212
484
241
38
780
92
3
584
915
429
807
211
661
308
616
357
349
430
8
70
519
601
707
835
842
785
903
734
150
443
842
387
562
782
100
612
80
581
737
254
455
567
624
803
48
663
255
414
730
628
172
650
22
729
597
299
564
270
281
538
836
454
701
342
357
871
657
134
442
326
336
392
904
512
499
29
617
425
966
882
180
305
833
521
523
306
313
694
675
259
909
331
496
304
217
180
326
840
758
3
449
189
968
869
238
368
759
3
199
171
399
418
619
277
800
44
564
385
518
317
112
279
305
646
920
761
534
981
580
231
869
307
605
653
490
477
513
856
116
524
243
628
889
757
352
976
959
962
539
872
724
686
354
10
71
709
446
978
109
906
847
134
605
447
726
43
372
624
938
310
363
240
275
604
852
555
66
451
888
403
223
54
595
403
801
444
494
359
98
186
853
802
8
557
199
741
781
144
937
871
871
220
978
648
745
291
856
781
297
668
474
343
312
139
412
148
237
262
943
820
746
305
222
597
21
122
729
359
889
517
654
857
218
385
523
395
253
34
86
857
965
141
757
143
47
879
302
823
295
991
936
396
880
103
360
371
536
71
197
853
250
409
844
374
107
62
941
281
941
24
573
753
607
606
930
313
354
947
313
110
222
7
611
544
139
428
491
53
745
795
682
157
216
685
516
831
440
818
793
186
643
837
269
357
678
341
496
448
779
166
574
376
954
606
951
639
779
585
760
721
294
534
953
57
988
823
453
18
347
373
790
607
806
665
206
707
946
780
415
57
714
440
131
837
971
469
629
833
673
189
390
74
913
144
321
256
453
689
896
113
267
831
260
494
726
853
105
389
99
506
423
734
933
58
114
862
674
587
859
502
308
8
989
653
177
634
785
538
43
226
931
371
256
144
379
809
619
592
997
674
442
415
480
221
598
458
802
665
78
872
83
335
324
427
86
691
118
627
196
72
878
602
264
969
59
417
243
736
14
690
66
450
894
860
859
648
20
162
860
80
583
852
748
171
209
213
520
965
80
363
15
944
159
994
982
697
963
601
29
537
126
643
112
221
991
504
983
991
823
841
799
91
205
440
294
234
372
750
283
938
792
234
628
788
237
33
789
965
712
800
64
862
251
724
320
108
653
163
893
608
552
552
515
64
577
163
938
829
532
574
519
691
133
481
498
691
80
967
310
564
594
967
292
974
605
660
257
382
953
269
475
13
597
966
56
449
482
933
583
178
329
533
453
382
63
959
705
822
40
124
712
903
353
204
810
521
717
795
107
395
809
870
307
565
40
602
550
845
784
510
749
355
251
932
459
861
463
444
17
964
854
985
851
4
46
465
25
768
802
785
902
188
991
935
44
241
737
671
278
4
36
807
804
583
938
618
531
55
59
24
747
821
337
180
199
277
880
854
32
130
924
743
827
111
955
743
726
399
230
690
135
991
868
350
501
935
647
895
45
276
965
476
662
177
457
424
77
49
447
89
778
103
996
860
217
438
235
727
10
553
449
565
401
557
530
54
743
633
249
612
223
989
909
655
74
968
334
346
724
193
188
508
820
103
616
712
720
57
753
469
703
62
169
119
973
534
421
676
514
751
233
72
443
505
769
569
751
747
937
891
692
499
694
830
872
627
698
491
672
702
812
403
693
903
550
24
897
906
326
129
486
745
237
123
464
752
507
74
774
681
849
460
453
145
405
623
493
857
305
774
722
495
101
576
556
202
601
800
535
273
875
710
876
453
519
301
894
42
770
947
374
322
270
996
864
154
145
143
395
291
654
520
205
475
386
420
180
937
248
120
934
852
318
562
355
333
182
758
958
608
750
43
399
375
88
364
859
935
659
191
139
577
272
537
537
762
357
752
606
235
37
39
759
242
590
446
675
224
250
727
566
225
95
602
850
855
504
578
296
46
233
22
667
977
374
553
518
92
317
2
257
73
592
229
752
427
404
272
436
814
596
359
176
125
766
17
805
466
101
200
647
129
845
204
309
909
27
377
333
354
418
757
941
577
223
979
579
240
694
106
695
711
707
422
164
84
642
758
498
992
615
245
462
743
319
690
777
636
140
968
317
819
733
910
547
493
92
959
520
664
710
555
51
604
223
301
288
567
451
219
776
369
398
41
751
761
93
351
861
38
315
134
350
607
181
46
882
412
206
459
469
299
851
916
792
100
400
763
390
653
538
639
640
150
651
605
297
741
529
138
507
916
463
835
536
223
298
598
602
847
493
918
940
361
134
331
518
887
111
424
997
270
166
643
168
270
725
264
109
861
66
158
578
381
648
416
524
785
772
381
747
156
729
89
364
219
189
98
518
805
842
820
949
730
678
237
594
513
588
266
505
377
528
592
482
233
86
300
649
567
140
59
742
317
307
947
485
319
34
128
159
543
467
335
7
730
573
279
533
816
592
707
959
231
356
314
315
352
306
831
559
689
89
217
625
457
538
475
199
799
69
413
961
476
778
738
545
348
192
776
218
729
706
68
790
681
677
43
254
771
523
201
822
421
387
518
55
321
814
652
323
339
76
402
60
292
109
412
789
282
801
585
728
422
513
979
470
669
395
579
626
368
33
219
623
117
490
778
69
499
912
227
216
73
921
86
209
64
486
357
115
76
975
481
294
215
517
155
320
454
870
947
375
178
53
380
529
48
935
197
92
505
759
642
158
451
386
377
774
246
12
726
513
192
978
319
535
274
766
689
347
441
542
945
598
846
109
724
956
102
409
824
165
698
363
184
814
72
106
571
46
216
712
286
593
176
922
342
912
153
765
598
335
960
236
295
702
637
419
211
472
783
680
89
711
823
652
525
462
688
94
45
158
125
456
653
882
259
768
939
43
787
97
211
524
882
927
100
551
200
278
650
494
212
436
578
2
470
402
953
232
132
752
862
95
350
734
363
220
218
627
584
159
728
498
7
771
767
439
81
553
798
135
536
821
124
982
187
463
153
774
909
403
618
95
398
994
809
953
800
600
515
763
668
108
377
784
619
243
255
213
805
804
848
52
909
173
943
236
498
365
231
543
912
640
748
523
181
142
880
65
965
164
232
521
199
354
820
692
757
796
907
608
760
249
612
479
961
814
406
737
945
668
448
869
402
454
506
284
892
140
483
247
9
138
528
396
265
514
459
573
519
670
362
528
282
447
972
712
805
697
631
938
575
876
165
529
900
509
490
779
290
274
992
218
932
130
251
732
643
51
614
627
920
418
180
101
91
342
959
197
864
621
892
608
356
414
357
450
844
317
686
23
519
914
329
850
887
898
330
25
956
349
451
974
56
510
1
1000
524
31
221
1000
714
770
308
668
801
320
152
640
524
774
157
416
643
579
333
935
641
820
76
387
676
104
524
815
640
36
618
583
532
688
791
568
315
712
384
189
645
253
62
27
611
929
655
974
271
638
228
810
810
119
953
547
195
933
768
268
535
700
206
524
987
411
780
197
12
96
7
92
400
786
912
387
394
909
13
330
466
609
86
729
930
939
273
616
754
67
735
768
989
356
789
183
842
608
756
335
460
257
681
911
802
40
213
881
544
226
982
267
604
862
132
102
617
505
965
90
976
586
826
432
98
478
775
230
663
373
63
47
771
379
526
568
363
592
325
284
349
81
626
649
749
684
669
881
640
424
340
82
869
258
127
230
343
617
957
27
708
420
269
12
369
494
814
366
284
97
224
756
249
448
697
28
278
212
689
240
150
456
630
318
289
164
808
512
587
246
742
13
545
772
487
62
599
787
666
994
148
827
807
842
764
993
27
269
717
660
496
901
915
977
611
144
245
535
420
249
310
219
690
12
892
677
748
877
420
593
585
218
620
975
49
933
335
995
601
155
749
702
315
503
552
979
748
823
360
451
132
254
608
242
673
1
855
927
469
754
640
560
459
496
746
812
310
805
481
119
18
318
363
89
985
534
828
303
351
700
874
681
495
801
729
634
252
35
617
235
376
908
451
256
793
363
728
762
566
386
410
107
494
774
8
958
194
635
895
476
118
270
412
303
445
936
2
635
834
90
50
160
655
403
198
866
705
971
149
865
714
452
874
625
630
924
677
59
783
61
753
106
129
645
980
551
766
398
210
566
211
222
874
646
569
152
72
189
469
161
137
778
729
164
314
953
409
783
281
530
974
916
554
186
542
553
436
272
162
536
914
898
23
639
890
790
998
753
417
177
436
316
813
307
203
297
785
985
663
751
349
122
609
224
531
323
207
106
787
699
186
320
360
951
599
702
121
999
743
120
657
94
647
508
72
342
416
11
423
3
376
309
791
739
607
858
371
277
51
33
658
446
237
100
414
965
810
82
367
137
915
316
137
661
221
657
730
459
961
83
821
902
149
391
137
366
577
304
538
656
155
213
287
211
635
79
787
493
448
371
349
380
546
790
48
677
894
300
987
544
581
440
345
962
964
15
298
906
973
205
953
220
445
374
68
378
317
374
111
541
457
10
170
288
284
605
198
558
322
124
891
407
636
90
821
311
655
276
35
111
637
46
615
810
3
629
704
409
298
187
99
896
326
358
782
574
162
208
83
873
241
665
875
703
102
961
920
998
206
495
490
117
257
468
908
185
756
704
124
922
50
868
382
563
766
855
57
797
58
898
744
36
540
611
522
472
644
61
931
918
215
534
729
445
439
728
368
721
784
713
30
380
357
387
904
863
265
557
179
437
774
120
140
617
722
499
728
139
701
87
757
583
900
411
895
462
641
929
843
411
784
383
816
631
387
96
297
501
767
209
253
519
654
940
847
567
675
248
846
743
401
46
222
658
860
525
749
920
166
96
638
862
67
595
721
907
461
961
42
332
65
865
230
521
264
37
825
151
904
162
771
172
256
330
462
653
311
893
201
723
6
331
368
66
329
844
138
825
978
568
2
61
798
735
982
5
486
243
883
319
527
929
87
2
91
20
301
234
390
913
781
624
233
660
569
167
882
706
538
616
26
420
889
6
990
411
694
683
583
470
980
641
50
86
226
890
185
970
644
680
775
603
168
758
304
954
90
621
423
677
544
360
6
566
567
409
354
563
236
345
203
319
692
532
360
551
237
106
130
494
546
120
836
826
354
645
58
701
234
573
263
637
167
289
468
508
284
589
376
553
794
705
379
701
979
793
730
862
318
844
670
752
911
601
557
135
252
885
951
542
849
14
866
315
796
20
118
64
369
250
234
588
240
90
758
680
650
606
511
475
287
144
934
750
27
251
768
392
157
767
55
732
239
553
8
54
137
784
740
737
837
17
487
724
756
444
836
705
896
309
974
156
808
892
129
418
103
350
455
151
445
426
595
375
20
180
690
350
349
661
500
112
17
57
8
938
216
96
29
606
829
549
242
595
695
898
151
299
890
562
217
276
180
614
642
727
961
41
686
316
904
651
952
387
155
994
355
285
571
220
370
529
873
127
816
95
150
817
976
17
828
632
270
781
739
699
652
197
445
591
695
446
194
603
799
684
349
532
706
741
157
146
969
73
605
761
586
577
452
457
733
885
974
759
215
68
417
970
234
735
472
742
794
86
460
980
825
970
846
992
316
130
462
585
628
919
752
717
823
575
569
475
628
293
462
919
267
919
358
26
74
519
731
951
680
500
557
398
199
830
974
845
362
892
287
98
227
129
354
714
879
11
550
678
560
19
118
544
562
201
90
923
246
269
917
592
898
494
261
322
239
230
750
179
866
620
655
396
796
385
371
17
258
956
826
186
270
759
613
147
780
927
758
493
741
855
718
427
679
102
428
134
883
292
269
698
774
289
598
271
217
751
148
344
617
331
445
343
584
751
700
623
57
35
425
793
864
303
134
64
800
435
67
532
147
447
243
259
341
187
373
203
289
441
108
729
691
902
375
270
780
157
354
252
74
236
467
421
837
484
549
493
491
453
33
131
733
816
304
564
976
291
314
984
124
985
595
355
368
127
897
541
221
288
327
699
734
698
412
668
502
886
732
92
530
268
102
164
195
365
933
703
5
192
375
327
523
598
801
791
153
541
441
46
112
536
59
706
717
205
173
131
546
150
298
852
148
377
362
477
932
448
225
380
534
330
892
559
365
576
71
219
932
832
593
593
350
678
838
707
392
854
276
100
810
531
551
381
890
891
822
304
32
264
660
449
890
529
119
856
914
367
828
673
443
769
785
836
680
640
569
446
974
964
868
709
749
133
340
440
450
306
873
493
663
934
102
848
482
998
858
315
586
36
416
104
574
39
63
585
925
432
75
585
63
631
242
944
970
212
200
635
910
967
987
506
378
888
31
432
332
559
828
878
646
262
27
313
595
946
861
727
134
982
28
406
643
407
544
709
396
177
283
960
197
600
557
729
576
16
544
906
850
190
901
339
972
877
238
482
860
178
762
70
361
296
180
572
546
157
300
754
632
979
53
791
391
87
53
625
345
517
656
356
595
715
261
178
367
793
8
413
640
736
662
39
888
304
508
827
525
432
424
217
136
26
198
118
189
924
637
42
854
744
928
256
440
572
13
953
940
843
145
521
823
843
914
905
74
549
995
67
411
96
676
849
747
574
951
551
134
685
780
212
654
895
374
693
711
355
876
610
492
474
377
911
913
267
413
92
896
655
617
109
421
165
734
555
153
495
231
849
690
868
107
984
145
92
92
371
50
503
186
476
904
982
745
461
263
696
511
640
480
935
127
312
153
40
360
317
962
278
270
620
169
352
624
589
415
302
329
379
249
608
664
495
207
816
976
509
912
667
104
206
804
779
963
724
361
736
697
41
863
794
453
857
268
865
957
643
632
110
413
420
714
879
645
996
49
38
646
470
980
866
776
596
227
965
415
242
108
653
810
478
695
68
83
934
298
519
577
842
349
482
593
350
239
371
617
153
927
330
179
913
204
832
960
468
262
421
154
144
378
39
73
765
914
970
8
845
955
43
645
571
733
772
964
105
230
828
380
64
256
523
688
20
238
250
703
862
267
921
237
560
540
63
784
652
360
990
996
966
551
548
863
293
104
947
774
310
482
306
422
905
68
530
596
825
588
657
206
432
220
859
567
769
40
972
318
277
490
767
967
519
783
762
393
624
863
360
887
900
400
245
848
770
475
950
479
279
606
974
515
756
248
546
432
204
248
166
740
159
375
789
154
650
729
566
475
28
329
977
248
963
10
6
609
837
278
926
65
183
330
504
64
953
328
374
504
840
380
661
424
435
7
697
708
814
319
686
963
354
438
384
256
739
487
260
41
433
124
61
395
487
882
936
436
831
586
352
607
109
34
858
668
87
691
978
629
923
633
236
867
833
974
316
855
781
623
135
633
502
509
32
196
457
997
36
295
583
1000
942
878
291
428
236
615
789
881
272
70
202
597
944
577
81
873
358
677
559
826
536
951
372
849
905
276
812
331
494
458
712
465
618
372
514
929
499
793
756
187
67
30
258
293
920
800
331
920
476
202
163
121
54
717
988
408
359
595
585
620
613
355
642
422
76
761
827
753
360
115
660
528
4
661
851
416
662
693
661
586
24
527
833
915
