667
754
339
945
271
626
662
516
82
930
268
497
653
232
690
187
783
489
256
808
996
292
547
111
113
534
251
248
554
773
350
28
940
629
163
280
123
806
263
543
605
211
876
773
597
172
517
68
97
910
891
339
909
14
115
842
838
881
646
656
975
79
623
101
87
435
457
872
481
901
734
26
963
833
929
160
288
277
661
830
382
910
972
287
680
516
473
557
773
417
278
767
543
846
647
710
93
102
37
672
913
737
244
117
235
819
109
940
852
2
621
415
508
611
43
563
533
582
678
65
422
589
21
823
809
489
109
528
324
405
871
480
300
57
504
513
117
809
943
544
571
419
202
921
573
517
961
159
77
612
169
789
209
230
594
912
477
737
10
841
766
809
8
16
440
222
914
132
226
595
879
253
37
449
133
290
752
746
269
219
303
927
2
536
639
786
334
40
867
700
268
19
555
89
951
848
519
671
954
441
256
282
214
497
760
931
527
157
837
500
823
736
51
158
849
733
599
859
263
529
916
180
653
350
905
940
980
161
801
764
256
53
57
429
90
790
406
553
343
463
5
434
935
621
545
857
303
721
129
664
487
386
711
520
85
504
954
373
64
58
700
709
837
737
557
140
573
99
718
619
157
538
815
748
462
634
626
424
35
390
885
498
957
699
188
985
98
3
453
617
785
956
18
634
560
110
370
208
575
169
56
585
698
93
443
331
179
383
285
875
101
83
372
343
314
940
667
453
78
214
234
914
345
189
170
748
905
171
194
39
158
430
701
988
77
992
449
918
478
397
362
915
709
456
245
265
276
502
85
422
328
961
817
495
559
479
420
642
273
769
108
123
468
700
548
51
486
179
10
861
367
587
849
23
148
85
776
247
717
320
761
771
232
381
803
368
396
857
720
524
142
902
344
868
568
874
805
78
269
751
917
664
239
177
819
904
625
395
853
585
356
786
399
765
326
225
943
229
439
811
567
522
914
724
215
296
138
233
904
758
923
419
882
911
100
312
30
340
428
961
517
264
298
605
87
514
531
933
605
623
120
142
912
613
69
930
951
817
475
975
590
394
254
279
929
875
112
518
324
965
765
439
655
347
797
632
226
52
382
257
773
477
23
569
19
852
469
441
634
150
722
614
221
210
761
43
3
139
283
405
157
562
693
406
539
50
191
875
671
722
495
101
816
103
348
892
305
983
900
719
960
239
943
581
79
742
17
40
894
208
235
268
671
67
883
284
825
205
735
654
358
789
942
754
485
893
680
63
569
367
457
150
775
573
818
925
292
446
751
749
548
200
746
716
788
265
927
883
786
29
766
209
608
131
108
351
380
696
986
419
227
210
388
733
777
326
875
308
370
627
540
266
757
85
975
275
651
787
497
395
309
817
770
165
587
14
296
181
254
135
314
142
543
874
94
316
581
988
563
12
675
740
879
767
695
982
395
323
485
185
882
626
434
321
621
225
921
317
122
146
473
290
633
338
701
799
53
668
115
198
641
468
486
89
345
885
692
627
932
388
360
627
57
2
281
837
806
13
9
769
658
768
791
89
525
423
734
879
899
636
228
517
557
957
931
131
664
563
387
141
596
76
270
130
78
330
659
350
662
2
940
16
521
718
40
309
424
731
57
788
880
988
150
48
608
909
523
401
414
897
876
259
10
917
822
861
849
802
687
155
444
815
648
324
782
980
738
413
681
448
470
653
858
340
427
815
705
606
621
123
322
831
568
333
718
54
241
604
731
458
405
4
487
388
455
36
57
995
255
409
729
677
854
450
851
693
291
994
144
711
505
601
500
998
22
867
577
479
133
527
858
259
701
193
50
113
64
185
419
281
806
762
151
602
775
3
722
894
588
305
605
41
303
524
141
805
414
213
362
104
956
647
593
12
848
939
234
462
796
649
482
976
295
478
146
792
651
57
719
711
248
693
616
490
759
194
588
652
536
876
465
922
317
898
837
373
501
73
761
524
585
158
552
368
170
23
301
198
745
435
474
760
886
645
626
876
538
837
569
947
101
439
662
308
440
530
416
151
164
811
501
306
521
359
548
359
336
940
581
388
242
881
236
274
198
801
162
326
847
221
428
323
132
406
346
790
934
247
1000
72
261
217
945
896
772
749
703
239
776
622
36
82
173
988
868
403
33
954
904
657
118
336
125
723
805
898
756
512
790
295
184
642
65
276
426
767
656
974
472
375
858
915
633
81
954
962
386
614
85
742
149
299
328
720
773
243
448
650
52
467
312
612
637
821
695
282
202
542
647
996
854
823
798
213
188
335
617
933
655
520
