834
874
781
27
625
81
884
600
306
82
699
6
727
431
705
961
185
570
908
343
528
300
14
686
973
189
562
864
244
355
353
861
572
302
592
159
801
555
45
412
380
335
690
623
672
847
305
600
264
334
561
797
48
199
607
393
162
771
248
981
562
268
150
916
771
227
577
547
651
936
25
88
276
392
833
961
477
235
565
585
697
934
1000
920
478
7
871
816
641
464
258
783
943
21
260
609
79
129
256
517
295
126
607
236
988
859
495
181
622
187
990
525
779
68
24
661
546
37
293
756
203
12
855
278
557
838
738
589
744
688
476
487
533
382
911
313
643
618
765
907
195
255
492
643
173
934
226
974
660
489
234
556
8
894
487
171
787
991
121
279
847
855
574
105
149
311
306
317
665
515
58
385
108
270
158
867
913
469
221
434
213
683
693
104
49
328
235
325
697
943
512
183
298
88
445
946
608
947
960
27
613
367
511
97
881
490
948
509
790
881
882
849
275
522
80
368
148
32
595
533
104
743
496
654
611
41
706
746
356
600
753
600
113
797
820
682
554
521
232
890
500
578
873
420
135
335
976
93
962
463
158
514
270
23
225
283
360
411
300
705
290
776
435
902
84
95
936
172
383
92
15
177
35
239
881
42
834
730
71
102
980
45
773
916
140
607
562
974
491
94
428
416
291
561
169
412
582
355
603
600
305
282
716
315
755
513
619
307
554
275
229
763
57
10
311
851
410
367
475
480
474
258
778
398
685
163
521
155
728
874
286
389
470
829
157
791
316
552
286
432
1
354
953
988
344
253
133
592
457
830
877
328
455
806
597
403
250
912
163
697
240
220
313
124
247
515
34
173
511
12
411
864
326
471
156
538
363
712
695
802
639
877
16
358
337
611
925
808
745
23
249
689
903
929
963
851
989
317
452
805
658
285
9
211
360
17
622
645
929
825
404
609
765
276
619
187
623
818
756
451
842
759
728
552
869
40
541
548
726
27
691
648
214
730
121
778
921
969
542
691
994
465
229
838
628
611
215
510
955
304
943
335
268
345
35
256
355
331
679
583
708
93
366
365
700
981
347
28
40
959
52
302
38
543
393
472
931
658
580
103
500
688
297
617
593
821
935
384
639
312
728
786
397
779
574
540
466
404
6
353
197
203
625
413
444
477
680
423
129
240
825
750
794
321
416
459
208
579
911
760
907
536
832
687
475
772
746
462
698
104
211
841
88
805
909
41
127
113
596
764
896
607
470
316
437
58
460
876
881
898
777
289
101
219
160
437
837
345
491
34
946
689
633
509
393
988
191
977
364
109
971
797
815
821
444
976
397
260
310
349
900
715
293
186
535
384
672
189
59
890
288
704
60
966
665
532
704
329
936
93
500
319
357
453
758
835
315
915
938
487
406
285
233
15
92
443
120
257
47
182
469
919
562
465
254
553
258
551
597
756
711
805
479
872
867
121
973
489
58
700
925
339
443
20
297
667
982
668
599
332
62
192
75
832
73
852
42
264
621
828
632
853
261
74
845
863
637
123
228
974
58
603
588
616
141
818
258
970
874
710
14
74
444
83
869
844
60
713
839
652
985
630
50
556
970
939
207
126
290
706
971
68
803
816
688
157
14
104
965
731
625
729
540
219
250
720
523
829
331
745
53
309
375
842
73
920
397
216
235
763
778
279
402
969
491
468
122
3
60
533
482
485
962
731
185
703
24
590
693
545
640
882
532
490
303
818
374
355
206
34
507
615
775
944
865
462
661
606
616
698
839
385
90
49
22
502
253
501
869
878
251
569
376
143
116
29
840
69
74
387
471
600
125
722
742
736
224
451
559
982
428
290
168
405
283
663
349
137
416
790
377
231
749
364
342
621
549
956
315
267
507
665
205
898
27
932
706
612
791
727
2
965
484
795
654
496
7
151
590
740
178
251
165
689
260
284
440
422
103
272
79
85
763
492
763
225
51
292
641
462
559
668
53
466
242
268
626
490
189
225
105
568
107
833
409
220
998
495
286
497
954
17
277
50
841
222
670
420
31
587
619
869
270
768
577
941
757
199
508
684
436
948
359
348
908
691
772
257
932
358
833
574
807
967
772
922
724
861
865
171
470
874
433
577
118
180
149
390
917
114
675
765
574
506
224
889
811
248
943
391
479
281
745
694
732
97
757
85
846
306
922
175
400
943
667
259
741
640
986
662
210
742
600
117
410
201
979
309
185
895
170
606
269
328
789
208
98
424
680
156
854
501
825
438
453
554
464
282
229
3
175
612
187
82
474
52
200
458
313
274
927
297
187
887
384
147
142
12
178
932
12
910
612
350
431
51
861
973
153
174
188
15
213
409
2
640
282
811
416
820
17
760
835
86
757
609
887
809
387
83
770
109
250
52
200
37
4
875
920
734
925
928
372
2
540
300
174
118
32
561
210
953
828
285
7
398
430
308
522
435
981
404
276
411
913
445
146
169
215
856
294
807
461
158
516
181
163
77
984
493
755
167
486
103
122
219
601
337
15
752
16
569
323
39
695
566
778
185
194
707
913
713
711
966
464
483
108
888
803
76
846
245
739
116
364
175
146
402
683
278
111
334
315
107
918
133
858
269
180
760
536
964
514
478
731
187
895
372
780
811
283
946
777
54
833
664
108
425
325
56
76
102
575
909
42
761
446
605
663
489
176
819
348
137
680
32
514
952
506
531
684
758
140
646
857
872
605
923
38
229
722
183
740
121
286
262
573
202
226
919
605
162
149
241
255
13
646
494
285
476
72
591
116
192
477
913
231
386
718
470
850
83
810
558
466
455
685
104
196
384
218
620
548
960
741
67
95
567
818
833
634
478
394
577
660
626
343
329
409
789
789
808
993
834
932
806
112
192
163
307
719
449
792
794
884
827
845
727
925
286
13
559
219
415
63
975
44
996
961
256
969
241
994
601
129
219
841
94
133
387
209
207
631
590
721
844
373
674
151
887
482
619
454
962
758
711
624
436
516
822
125
366
621
406
763
978
372
326
464
366
817
370
799
765
98
422
656
711
375
151
371
371
252
830
237
946
877
598
484
301
237
280
104
641
839
684
859
458
48
131
602
414
53
971
932
940
809
379
651
653
546
176
704
161
173
303
100
653
726
739
772
76
349
593
276
75
229
746
224
257
703
426
695
39
23
455
865
84
365
547
938
701
910
637
679
707
628
77
721
77
59
535
408
728
445
946
657
43
233
234
131
288
560
194
126
656
816
894
181
478
348
135
622
503
323
928
312
384
216
242
652
753
459
195
567
617
102
803
206
930
122
754
643
622
594
236
616
922
512
559
185
329
328
935
447
716
706
176
410
193
755
76
318
762
110
588
217
800
342
52
988
663
232
955
545
491
463
472
60
339
632
996
740
541
15
395
332
307
345
244
37
133
508
676
87
727
28
397
583
260
639
165
243
18
499
452
180
360
574
942
531
957
454
483
199
179
411
779
70
557
594
501
282
364
491
25
198
888
293
501
681
909
448
502
82
12
227
831
149
851
479
342
972
600
860
501
474
2
194
774
860
288
403
819
25
439
864
229
299
957
121
283
550
355
672
542
561
275
248
482
843
215
18
416
968
938
864
337
964
466
958
885
311
406
22
270
401
372
307
742
448
263
488
632
487
599
665
350
73
985
530
463
911
233
175
331
511
189
476
481
630
884
582
40
670
822
601
965
339
878
948
910
570
909
42
404
812
873
762
414
954
326
105
403
25
11
686
608
232
344
143
924
919
103
626
215
826
65
590
218
22
290
595
659
4
544
959
727
636
31
747
270
179
97
837
833
648
652
735
119
707
476
840
161
72
59
98
578
843
902
500
379
659
946
40
806
492
662
15
929
95
395
388
645
597
874
423
856
733
188
723
856
82
736
609
889
120
920
222
344
656
949
979
233
482
37
291
54
186
538
819
377
814
980
133
549
767
9
925
775
559
44
264
466
978
516
393
844
816
15
206
155
841
135
739
372
514
755
573
461
111
985
577
409
977
427
414
948
818
239
704
400
127
339
887
647
358
289
896
497
7
599
938
233
920
395
787
587
267
149
788
665
931
133
331
863
23
838
343
627
590
3
721
273
996
122
177
517
124
142
494
522
494
393
290
923
514
281
806
640
814
34
826
963
21
957
183
780
417
783
16
722
794
893
534
442
215
903
324
549
284
867
555
629
637
971
815
688
658
585
233
865
251
314
789
3
94
905
607
7
182
918
746
256
15
974
537
925
392
820
810
567
791
640
119
499
819
912
583
882
558
180
877
263
393
894
231
321
501
41
137
594
295
434
59
143
548
925
185
9
622
473
793
282
469
646
986
316
449
717
811
671
526
785
610
106
153
837
150
36
75
742
679
323
60
611
164
645
794
434
533
949
561
620
115
528
549
380
861
1000
958
748
468
416
819
360
440
170
163
599
300
158
447
624
896
19
804
729
486
379
792
38
239
274
122
487
903
951
135
186
742
207
267
132
736
525
29
714
672
198
78
101
880
813
962
685
892
938
576
461
968
313
759
47
22
712
241
689
429
160
277
881
694
864
391
621
945
294
227
430
672
440
882
726
2
482
836
167
531
608
287
406
161
607
550
88
202
263
110
539
948
275
125
432
686
332
531
664
245
907
590
405
945
878
280
714
298
765
460
157
277
61
265
860
443
700
430
326
931
662
247
44
934
608
775
47
980
779
983
403
630
899
165
381
828
1
768
769
80
149
331
288
194
296
704
47
797
457
535
779
193
382
359
836
538
822
428
479
906
573
530
145
147
927
945
576
183
32
865
292
644
708
120
967
946
818
282
352
726
94
176
934
804
168
12
315
200
935
459
95
926
585
748
119
524
767
561
821
548
933
348
842
734
168
908
682
493
635
935
623
952
411
538
432
180
194
494
970
969
81
117
271
34
961
471
255
169
779
518
725
450
398
552
676
542
74
646
1
163
955
392
98
874
400
212
151
570
444
887
520
179
517
362
696
125
507
552
640
474
747
264
743
89
165
302
441
476
394
463
733
348
794
405
715
876
333
967
285
284
336
524
846
847
619
721
369
855
376
642
291
815
38
582
339
960
400
446
249
696
680
358
301
41
599
749
105
790
673
442
106
771
324
304
58
205
882
899
834
552
616
411
455
248
142
968
290
625
775
159
908
507
603
508
905
64
324
224
61
896
701
918
660
8
602
608
358
934
923
543
715
536
851
19
468
45
897
24
683
779
4
801
851
963
956
961
58
843
959
656
69
458
585
82
77
337
328
615
178
464
711
870
413
799
136
419
434
462
800
523
686
414
462
598
741
338
651
172
47
864
929
122
11
957
613
31
29
936
167
755
412
141
332
576
639
861
33
123
82
435
698
884
475
122
100
723
634
350
952
6
776
217
161
265
231
319
425
501
730
811
518
252
46
291
995
924
418
610
372
362
603
117
25
393
307
96
535
915
51
169
779
966
158
52
625
443
768
689
316
867
478
572
287
587
600
692
795
658
85
998
186
161
581
874
867
282
981
590
191
931
903
945
868
197
416
123
951
576
286
892
631
450
345
890
880
800
680
870
182
627
520
809
546
335
65
59
433
656
146
693
691
790
566
512
610
19
318
549
348
377
681
270
138
137
713
37
906
650
128
267
186
551
379
963
958
957
30
705
747
259
920
93
165
530
576
221
518
855
480
978
456
278
10
81
725
529
280
348
245
458
711
538
496
93
935
141
732
354
844
58
25
10
809
79
243
751
398
568
920
841
759
194
419
38
488
795
96
98
821
297
281
567
590
91
688
326
467
925
381
415
108
352
299
470
325
1
294
542
192
33
800
682
395
277
885
906
27
638
379
491
353
883
365
810
156
246
154
658
335
429
921
284
45
730
720
70
58
813
886
247
44
848
798
794
98
675
5
153
3
745
517
228
507
242
355
346
425
307
405
208
676
667
336
128
879
856
329
419
378
761
163
537
204
389
833
232
198
132
132
844
417
3
879
470
459
38
73
824
646
794
378
968
705
417
650
139
691
73
518
764
501
999
701
805
847
784
250
925
566
296
890
298
964
446
417
785
393
840
384
148
225
443
58
803
182
590
854
766
792
175
31
762
649
206
579
2
381
609
745
208
82
575
407
860
805
161
435
916
342
974
352
781
964
670
850
289
180
929
678
17
886
705
36
709
128
429
614
105
71
656
902
826
475
745
779
434
491
380
124
480
649
441
312
212
431
875
749
105
82
244
584
156
909
351
516
540
553
782
126
578
644
933
889
931
552
951
605
411
734
551
798
732
434
770
802
184
513
675
98
572
48
710
540
701
654
857
577
831
85
744
939
676
293
897
761
778
362
863
222
440
246
106
119
105
130
319
396
466
866
364
664
185
550
31
20
967
912
343
441
872
659
91
845
447
64
218
928
335
31
523
703
728
364
694
640
903
248
817
871
81
538
992
32
81
141
583
231
288
100
914
989
748
827
199
371
965
7
786
684
907
769
569
621
740
887
873
33
605
308
825
811
382
506
285
906
803
684
502
348
257
864
424
916
30
149
812
86
19
562
703
678
510
327
939
59
731
240
956
785
796
679
198
695
441
441
725
414
1
284
292
52
25
246
874
576
156
498
970
990
500
95
755
677
727
234
935
64
214
77
239
578
3
504
927
581
121
175
934
964
32
892
289
63
1000
214
785
135
206
57
546
123
13
672
476
571
623
97
695
419
725
984
163
138
627
7
302
723
78
469
290
387
594
308
662
997
312
199
355
186
133
91
546
493
961
285
852
598
366
68
650
949
55
705
686
618
243
957
746
650
458
313
152
405
95
36
945
813
719
24
2
905
369
102
507
844
766
84
546
655
763
612
904
910
324
910
682
986
300
897
211
322
194
558
559
16
46
733
203
137
397
980
356
356
913
444
334
191
876
919
206
222
566
504
553
830
373
969
541
634
885
219
785
275
17
513
233
949
368
294
869
863
619
976
499
187
942
549
993
751
532
333
231
899
632
64
829
740
834
178
569
1
31
91
852
708
373
188
181
443
388
463
973
160
376
694
725
469
807
87
589
12
694
263
399
406
993
924
796
642
130
223
285
720
874
762
396
863
806
982
555
932
75
993
613
628
757
902
316
323
965
348
755
198
417
340
773
582
784
493
582
806
174
794
193
239
189
23
1
714
581
760
259
430
37
251
716
674
34
598
999
293
279
396
722
36
710
892
98
389
622
26
451
705
670
434
244
894
464
443
315
974
986
545
877
74
289
77
809
140
806
712
414
739
558
69
89
224
141
407
796
905
922
788
963
83
345
688
608
605
293
436
586
91
868
289
978
888
256
464
22
368
466
331
257
445
178
825
754
960
68
70
812
562
349
657
742
420
951
955
900
716
138
196
894
16
563
640
576
480
769
874
10
743
357
240
600
778
994
127
212
181
342
224
770
914
367
523
549
931
265
867
952
154
175
995
920
671
969
175
904
114
997
622
101
849
688
382
267
460
198
520
559
95
833
141
743
400
919
586
206
337
87
984
813
968
917
648
406
14
932
629
178
869
587
561
383
6
851
165
530
633
928
323
955
341
974
558
785
811
53
589
371
94
472
27
745
558
587
747
930
438
164
434
527
482
524
861
80
805
565
389
645
490
189
704
928
369
684
602
169
60
995
124
298
162
269
643
229
212
746
964
434
375
98
951
61
809
735
233
944
807
806
319
549
878
400
607
534
593
675
865
80
411
70
791
309
701
350
177
657
338
898
51
160
224
957
699
878
290
253
702
399
76
344
842
392
767
615
521
733
398
149
564
989
248
553
270
322
911
609
131
710
695
418
769
715
659
222
662
985
21
54
66
629
180
200
614
543
707
530
13
781
672
400
914
279
610
586
786
91
727
969
475
210
932
859
958
538
782
397
753
909
449
985
743
418
887
657
380
123
675
786
196
767
575
908
755
784
123
489
875
967
286
836
569
734
281
876
1000
135
506
545
507
92
607
303
157
687
237
320
883
626
463
359
492
145
466
18
392
87
761
687
615
366
532
947
699
307
630
70
361
609
943
451
228
725
951
135
43
882
541
520
491
70
519
936
103
900
747
25
56
452
157
548
400
72
841
525
387
400
219
913
512
664
709
458
308
144
289
786
681
52
544
375
805
685
339
542
77
689
248
19
603
358
526
311
933
397
860
587
777
468
872
284
542
300
924
935
372
741
245
967
199
846
262
29
816
385
146
144
236
926
842
877
657
271
742
392
231
557
743
636
475
649
68
471
778
653
675
738
739
284
635
263
966
510
215
651
212
297
677
583
486
397
368
505
467
334
724
545
316
296
840
273
483
830
408
867
628
923
323
50
122
293
90
666
732
822
891
433
842
533
324
106
971
716
172
63
976
675
351
999
63
726
544
49
264
347
844
576
348
374
964
775
160
504
131
575
724
693
281
358
16
885
135
370
985
101
100
967
289
639
552
557
653
559
447
309
211
448
448
805
667
870
894
378
957
333
630
262
11
866
882
131
441
897
974
671
298
63
201
960
205
712
375
497
280
804
180
189
875
437
411
939
696
412
448
579
9
948
347
177
747
919
390
551
50
25
824
712
525
482
564
506
220
207
291
203
983
835
809
80
504
226
279
233
555
990
468
121
277
430
161
173
323
491
541
371
637
477
327
69
827
838
242
630
222
44
822
932
578
93
436
166
274
247
714
352
445
502
456
541
880
377
538
213
748
590
807
903
993
141
937
728
675
907
30
612
564
664
142
884
962
619
902
889
522
916
805
368
573
674
493
863
866
302
828
430
37
520
627
250
303
889
535
846
317
65
222
755
525
953
780
898
574
283
247
711
47
793
152
992
763
532
627
437
212
934
504
371
54
721
947
4
677
41
48
458
81
56
852
156
9
17
152
455
166
791
87
120
42
422
314
577
848
466
106
802
357
983
158
450
671
697
445
550
157
134
598
234
608
152
222
630
689
870
26
674
267
678
933
397
929
100
437
650
507
470
985
124
597
379
733
28
609
249
538
528
15
918
119
790
81
761
69
90
860
818
289
84
484
847
107
77
990
801
15
611
428
831
521
524
997
961
63
32
595
79
682
369
377
826
668
79
229
355
936
167
746
844
183
620
969
732
895
721
737
183
665
38
380
436
474
913
244
88
562
638
974
188
532
762
837
811
189
997
90
239
801
286
268
844
834
859
954
668
90
145
376
420
659
609
442
775
340
460
954
34
303
592
96
176
713
955
915
967
746
79
19
315
910
663
272
769
723
17
448
519
452
492
973
602
85
180
238
167
351
660
208
822
710
811
859
708
658
683
825
912
755
734
677
321
784
1
537
181
218
717
2
749
12
627
360
567
686
16
936
996
11
962
244
924
559
394
775
814
229
706
177
173
751
545
506
823
375
796
764
695
38
992
785
958
540
437
223
837
559
21
785
782
791
141
465
492
513
771
826
592
330
577
43
30
623
273
256
223
675
570
587
71
25
745
436
506
2
139
484
915
152
738
808
805
668
462
500
430
590
854
150
737
67
872
421
442
147
245
762
751
876
96
333
285
369
289
443
121
175
668
454
985
801
119
342
250
586
749
839
322
692
892
587
8
814
654
705
587
987
502
397
241
209
713
491
834
919
111
374
899
35
753
142
215
194
990
802
595
761
313
737
504
76
541
359
767
917
548
750
624
855
956
315
124
107
11
707
356
107
804
574
465
61
146
251
221
675
885
148
457
145
491
538
225
582
864
700
205
758
201
341
161
422
694
284
360
274
838
631
244
485
903
162
577
239
854
645
371
635
908
116
444
657
178
587
483
9
334
921
882
386
750
420
254
642
676
542
580
382
67
767
802
724
49
106
292
519
446
348
177
659
644
523
373
490
527
387
959
671
62
111
886
424
659
398
175
889
503
947
410
375
130
849
623
385
58
919
35
590
745
617
671
379
476
728
282
572
177
603
318
302
801
205
441
930
111
72
181
124
719
898
145
396
946
239
441
844
385
656
292
180
64
99
797
619
805
171
117
799
97
593
670
759
711
147
67
230
850
940
438
962
972
340
610
630
460
529
210
669
895
453
153
217
42
603
252
483
63
69
884
339
743
647
577
250
591
729
420
621
877
193
635
837
317
527
459
229
175
237
400
244
91
223
537
364
576
935
178
266
929
717
425
95
362
981
581
102
649
752
916
671
216
415
141
835
450
29
253
81
84
509
629
305
118
189
195
95
50
529
168
617
420
419
179
708
690
737
444
997
734
863
643
916
914
655
770
397
780
190
312
810
202
721
496
11
295
887
713
776
943
745
31
1000
959
327
418
555
560
757
605
269
102
254
450
163
812
888
324
83
515
665
324
311
338
175
585
339
47
166
274
584
687
405
789
303
379
906
478
514
756
272
256
71
416
894
87
654
237
482
49
573
574
958
578
218
324
337
159
921
974
649
126
431
276
495
684
766
688
627
62
201
854
747
269
979
445
598
603
203
310
38
179
667
285
581
656
361
479
598
700
205
851
272
653
196
955
159
403
981
229
43
708
738
988
37
963
385
901
191
879
59
943
547
624
516
314
359
512
381
683
47
903
63
559
819
999
265
535
235
617
427
290
553
248
211
17
158
180
336
367
343
394
974
535
929
514
161
35
195
696
350
74
699
448
718
385
83
212
292
541
797
680
937
800
29
416
981
587
126
904
465
371
504
459
435
47
337
960
994
928
1
290
379
345
730
927
211
26
167
868
598
64
236
159
463
327
191
709
608
906
582
101
293
10
201
220
972
694
9
522
759
650
305
509
550
147
12
916
542
817
256
447
847
446
481
374
845
846
840
759
460
904
861
492
458
92
739
420
775
181
724
440
624
265
644
169
909
222
114
744
991
271
540
190
598
823
83
789
506
974
783
798
569
66
460
941
952
64
733
634
77
307
343
242
36
940
866
845
545
802
227
113
262
236
61
239
221
589
522
388
992
734
909
819
6
139
105
64
889
15
879
272
382
593
964
832
173
19
129
19
514
376
543
784
642
39
403
267
818
925
974
835
501
791
880
484
348
888
382
694
267
904
650
805
858
350
610
866
953
23
907
2
375
760
647
894
541
344
692
851
926
505
544
10
818
449
978
755
139
340
875
341
671
636
828
73
712
147
697
216
25
808
215
402
426
721
282
329
21
224
370
557
425
329
31
9
79
187
723
422
891
613
790
503
573
754
512
748
657
112
874
971
84
174
382
195
929
124
424
963
963
927
421
395
323
349
860
145
843
125
481
879
924
243
569
122
333
907
339
566
374
860
180
129
716
560
278
421
421
552
674
578
902
572
139
364
971
612
453
408
720
257
398
580
221
399
276
360
359
687
263
632
45
32
584
443
623
46
89
257
942
150
863
944
960
688
902
135
155
654
860
311
740
748
929
583
344
665
205
360
18
93
547
344
822
827
516
650
862
121
311
637
732
781
215
276
143
979
862
142
393
268
593
743
520
641
843
311
515
488
278
177
960
230
231
239
131
934
802
396
145
913
215
634
302
174
651
309
812
484
713
184
14
806
322
646
564
918
219
716
231
805
414
389
23
609
204
382
130
832
962
315
1000
957
153
153
133
473
250
389
983
187
233
429
9
875
417
110
728
667
913
350
27
807
158
715
96
687
361
971
948
490
442
485
843
429
789
928
746
685
556
915
488
713
741
573
644
108
406
206
987
153
630
901
105
247
981
395
722
255
446
271
753
972
388
204
977
915
332
761
858
539
274
431
815
94
870
448
453
160
279
221
438
512
312
585
935
596
819
349
335
50
980
379
145
525
103
751
59
869
533
818
696
554
34
233
35
465
26
414
174
712
422
125
297
287
289
986
262
423
537
713
181
680
794
222
532
262
820
854
97
923
456
101
451
275
166
65
878
443
236
735
813
699
146
405
132
198
897
984
30
16
389
839
165
928
32
863
985
478
466
921
987
350
478
673
354
269
390
887
886
443
761
971
346
386
228
693
399
839
15
363
455
686
97
527
775
682
383
360
921
566
129
344
745
597
749
197
606
361
121
108
27
130
947
747
255
989
371
373
674
207
603
668
721
306
541
561
923
544
846
208
885
637
826
267
202
682
40
171
143
166
7
350
855
968
449
589
523
283
903
45
116
177
933
345
283
235
64
174
569
679
965
895
994
132
35
210
152
866
124
922
405
325
784
454
41
900
235
322
333
837
152
221
774
795
286
139
798
858
634
44
560
738
596
813
339
978
398
981
665
751
323
146
568
502
957
477
144
206
282
67
678
474
839
701
584
517
557
859
962
886
683
605
169
703
676
418
743
360
715
300
238
345
36
835
543
616
885
153
541
880
181
614
982
507
843
430
66
672
418
215
671
216
340
431
948
734
380
230
765
22
481
871
182
832
208
813
980
612
160
740
264
15
532
749
941
807
44
102
628
996
318
217
93
840
124
388
873
168
501
905
470
963
120
847
3
730
861
40
565
993
535
636
233
350
784
695
986
39
179
326
29
632
552
936
131
237
19
714
40
909
374
627
658
976
752
130
483
810
30
4
651
752
921
995
951
562
392
667
54
354
215
231
150
365
960
811
659
679
401
707
360
108
111
948
401
108
658
1
831
870
592
562
165
904
694
184
44
438
892
19
282
697
745
623
760
850
927
116
819
464
343
806
402
486
672
21
202
664
45
797
607
959
973
168
469
26
159
482
486
168
364
934
612
268
359
760
208
456
147
722
492
373
381
666
623
938
258
292
607
507
817
996
491
460
372
575
425
646
11
459
678
888
737
892
420
290
275
648
737
887
863
29
294
521
673
929
292
537
684
811
126
990
807
832
283
933
69
136
170
155
410
58
68
304
410
45
124
548
404
977
706
790
392
109
576
738
845
682
572
458
310
992
544
793
238
448
366
348
657
569
40
130
444
743
527
829
400
769
338
313
587
650
594
685
600
26
963
416
448
997
510
54
273
317
613
547
566
508
317
775
271
124
411
10
130
194
513
753
266
880
952
650
359
18
698
733
126
516
512
204
195
858
505
316
788
560
52
212
407
355
992
230
591
184
322
420
875
235
600
772
880
954
820
111
416
419
274
270
690
611
853
310
492
1
310
878
615
403
391
6
306
551
671
602
378
964
159
311
88
978
485
990
890
703
70
807
383
404
858
503
93
640
282
893
446
379
565
313
827
821
356
166
966
335
218
186
166
210
968
660
31
216
984
381
793
904
800
874
347
973
409
585
374
601
137
441
782
854
262
767
39
389
412
191
788
235
920
456
574
337
838
930
202
187
800
564
324
395
376
937
788
806
473
235
958
23
720
468
462
811
280
96
179
517
759
135
635
387
347
217
991
289
289
914
257
348
223
865
835
153
600
948
114
103
480
422
739
35
841
972
373
547
85
796
487
676
404
774
763
751
257
223
659
610
416
356
547
372
659
949
455
451
78
346
198
745
447
682
231
595
42
513
795
108
795
233
980
474
253
981
588
896
995
866
57
444
981
95
816
913
405
887
623
159
619
828
71
58
582
726
722
497
371
676
473
223
883
186
521
47
16
580
991
908
24
178
50
231
550
692
272
309
341
928
323
751
302
417
925
355
604
442
578
131
614
764
78
605
405
605
751
667
142
722
779
324
930
597
509
547
124
266
52
342
771
191
388
762
409
858
417
164
195
56
177
491
290
410
442
413
840
314
852
671
47
48
688
897
647
974
850
264
975
426
450
318
814
205
121
559
26
687
594
694
849
501
511
96
422
502
326
486
22
779
859
457
883
221
615
825
537
27
801
623
879
571
693
683
480
673
978
112
674
463
505
135
951
588
578
602
3
719
185
954
597
869
809
562
610
466
919
526
237
885
939
926
347
894
234
639
127
868
888
220
145
306
516
129
469
995
692
496
529
462
171
88
638
635
824
819
851
494
584
862
814
83
847
78
93
75
619
601
4
310
626
51
199
290
301
298
563
114
244
100
768
226
60
144
569
994
567
890
735
42
595
451
219
797
653
48
635
353
927
897
711
854
512
533
868
812
851
716
904
906
635
797
455
460
629
594
934
741
14
577
198
406
327
587
683
613
102
170
462
457
559
375
967
532
178
498
919
763
391
902
125
811
879
339
528
940
277
126
628
378
454
438
840
601
316
16
167
753
409
846
262
906
450
795
382
482
801
842
321
356
608
592
675
604
3
774
497
697
869
108
437
513
718
707
301
203
331
233
144
81
942
306
762
245
624
437
378
549
868
293
618
762
278
505
655
237
340
287
307
787
660
124
495
395
182
374
188
45
763
646
275
638
774
384
195
41
105
957
804
688
180
411
250
707
946
43
220
72
308
124
173
755
138
278
291
216
302
569
846
751
468
415
579
335
128
743
994
119
310
67
860
25
311
125
233
479
546
589
481
338
98
830
513
241
415
818
737
271
311
483
891
201
230
148
654
726
932
879
93
863
582
856
330
560
919
889
782
552
177
207
829
446
214
622
549
836
68
977
792
265
521
140
675
65
762
133
758
304
498
120
932
376
194
930
885
702
204
296
83
259
628
714
81
906
473
706
707
461
368
433
74
77
786
164
518
274
935
178
729
671
915
394
689
90
648
346
86
267
444
235
358
658
925
372
405
942
234
195
377
524
443
619
317
228
276
243
243
778
318
771
296
835
582
229
43
694
306
841
846
478
929
496
568
829
179
894
89
115
169
266
760
455
958
880
610
342
934
201
180
554
174
81
74
980
444
681
873
364
992
901
194
664
795
633
640
412
734
440
773
697
263
158
487
249
664
542
929
986
552
622
391
369
391
794
497
392
988
942
868
603
224
696
749
328
952
797
8
534
863
923
216
295
43
246
232
384
545
919
65
368
699
994
909
479
625
279
651
306
782
268
916
636
916
145
550
151
626
275
606
115
765
933
67
694
581
436
633
365
978
466
4
337
254
869
805
470
621
353
978
824
938
283
640
783
443
311
452
916
121
653
339
100
568
279
327
85
798
767
299
487
802
159
776
149
642
864
121
875
122
814
267
691
881
908
170
547
342
780
968
584
747
346
615
921
561
754
113
301
853
575
110
71
785
421
70
467
133
961
95
561
496
912
737
826
578
661
136
528
76
815
962
987
666
602
578
337
495
61
668
813
522
564
218
924
88
894
694
60
241
442
545
414
344
877
651
21
309
895
907
47
573
432
650
900
813
805
644
365
514
423
815
502
589
502
438
415
333
897
808
871
326
721
717
810
656
623
928
478
131
331
819
752
618
791
136
436
205
867
428
508
227
978
801
656
919
989
164
703
843
734
923
789
290
280
363
918
355
45
609
571
715
216
248
778
761
572
643
650
632
68
587
831
169
613
227
666
687
761
450
901
559
925
976
502
583
661
741
930
590
719
319
12
741
933
770
518
413
135
980
7
200
984
441
421
268
128
509
405
846
314
161
449
891
206
184
945
733
10
841
829
603
973
103
226
434
932
464
691
211
56
379
306
325
95
654
855
917
75
487
312
426
280
129
810
942
993
721
391
810
838
625
320
169
583
292
740
865
492
147
506
957
895
120
828
502
178
554
805
434
454
120
4
5
355
153
937
208
455
811
519
664
953
859
434
153
5
940
260
882
493
675
427
378
125
675
420
235
71
740
126
302
481
186
272
703
604
307
109
882
670
336
186
990
994
976
460
650
679
617
127
645
646
568
477
362
736
563
411
108
984
550
3
694
820
115
13
487
385
397
327
83
471
526
119
261
739
447
942
684
29
81
95
627
265
386
704
262
633
962
697
250
187
54
643
484
351
460
299
565
428
968
382
396
371
734
687
28
723
714
983
671
159
677
20
843
189
424
877
357
705
166
885
100
90
597
743
167
170
125
841
993
755
68
859
27
632
665
433
619
154
255
175
260
389
100
238
854
162
715
860
87
286
56
456
410
627
490
558
239
821
365
759
371
528
712
830
882
200
908
542
674
1
215
136
722
256
472
883
531
993
796
4
53
698
167
529
477
336
15
601
53
601
862
815
612
202
190
926
328
233
946
606
146
134
546
39
561
742
959
574
594
552
704
918
854
708
389
633
140
351
258
175
728
948
574
406
172
600
524
35
358
109
305
320
298
186
400
551
442
584
155
29
235
312
914
770
946
299
960
704
319
410
740
305
472
824
422
343
585
844
939
302
195
651
707
325
707
925
968
125
188
431
233
144
31
113
937
215
18
137
10
549
710
776
253
879
726
867
374
840
629
421
235
431
455
667
918
668
187
720
876
476
319
145
492
689
333
324
788
469
381
637
784
920
858
849
557
968
857
935
54
753
463
651
108
382
219
877
667
734
708
233
786
338
284
344
347
837
501
447
452
237
347
663
885
906
314
861
684
205
161
98
437
811
488
686
61
369
958
57
425
850
478
730
99
7
226
323
101
943
280
284
417
783
620
527
264
307
711
876
401
13
327
646
620
685
719
510
336
171
608
823
162
521
247
305
415
268
449
826
411
692
421
1
371
858
297
757
296
26
992
22
445
73
42
314
820
689
412
939
139
50
497
847
356
819
385
656
141
697
418
580
286
487
988
832
577
7
241
865
407
376
109
795
824
321
850
54
602
236
439
389
415
294
418
481
912
295
267
310
119
357
596
531
851
598
590
608
965
29
405
43
675
844
630
756
514
252
528
266
425
457
681
108
148
521
90
525
86
605
350
626
459
873
535
70
893
169
914
992
733
53
739
467
300
23
132
63
995
850
778
102
96
813
97
177
521
296
394
995
22
47
97
798
778
892
555
805
10
57
192
714
818
391
358
994
604
681
38
173
250
892
931
626
542
483
191
738
224
518
136
123
680
858
588
849
660
551
65
24
692
454
200
405
428
218
995
998
490
225
780
215
232
946
312
654
580
977
780
841
679
568
822
126
443
617
912
403
193
314
8
303
313
495
27
689
738
662
156
232
749
239
639
307
397
299
875
914
610
751
223
524
815
857
884
130
512
610
4
684
432
364
649
827
834
189
72
326
894
181
736
969
62
644
902
707
937
568
803
654
920
902
192
733
296
351
680
249
511
997
808
444
474
445
18
66
870
183
280
444
78
716
23
463
693
72
705
501
316
856
672
35
150
398
672
474
290
738
500
577
880
811
348
571
616
558
773
709
87
302
906
931
675
238
306
348
26
27
961
611
198
60
987
199
595
150
422
357
932
35
792
892
715
260
961
785
423
727
266
821
339
242
518
580
341
504
496
542
332
651
661
788
750
332
947
507
368
407
50
53
863
746
234
953
927
959
758
639
666
999
312
288
836
642
460
709
468
301
201
647
5
499
573
615
413
383
448
768
470
128
173
833
459
398
364
199
621
396
699
515
152
447
351
608
599
478
157
543
415
667
725
710
19
529
546
510
827
413
11
236
18
146
22
803
136
80
717
288
950
237
753
862
424
935
519
563
79
672
344
835
584
434
533
531
239
573
203
24
136
648
155
921
255
164
301
130
206
599
222
395
951
16
735
497
227
582
416
851
307
13
765
935
805
923
784
822
417
640
16
469
755
869
256
510
540
599
98
886
325
556
502
72
323
677
469
298
577
764
35
150
202
472
549
797
719
782
799
47
120
378
233
293
70
583
691
138
584
435
510
135
812
110
341
391
577
573
860
283
762
650
64
358
805
654
527
203
397
146
593
350
342
842
879
8
431
852
227
463
988
135
712
845
28
142
451
872
344
695
891
226
734
200
349
818
509
274
683
3
185
176
342
859
889
193
361
726
231
996
560
516
936
500
889
817
69
92
777
715
913
444
554
273
20
629
204
322
55
754
242
412
929
55
686
150
458
534
560
392
830
128
314
617
500
505
608
145
999
423
350
104
924
92
922
703
349
410
100
414
78
390
507
477
447
760
658
783
401
610
202
12
324
384
578
766
639
767
909
294
385
320
971
208
601
86
610
788
185
806
670
550
865
119
326
544
57
755
753
230
117
805
561
499
312
387
63
411
899
309
680
792
301
830
831
873
823
515
314
703
496
106
9
938
983
285
628
92
815
831
860
948
664
910
989
990
899
321
714
216
710
796
122
536
785
186
50
164
824
874
739
690
754
853
141
466
425
639
347
433
515
500
329
143
216
358
76
827
389
628
634
829
89
300
978
484
918
947
908
130
954
764
203
588
630
920
482
774
71
806
38
407
219
836
674
937
302
988
568
580
358
537
87
346
476
532
536
198
212
930
918
729
918
497
268
302
606
131
681
647
849
817
258
758
193
396
335
664
338
512
145
255
654
539
801
544
126
612
629
533
451
975
983
675
76
488
342
566
360
101
777
387
110
649
113
526
971
535
214
878
324
588
405
622
789
376
897
717
185
766
704
480
922
713
703
126
139
329
376
253
541
775
738
515
559
846
322
351
594
394
841
881
147
206
422
48
82
120
958
842
683
695
681
329
882
496
70
460
637
253
634
763
605
48
229
696
253
895
613
474
533
376
208
355
585
70
883
268
590
564
496
344
701
442
96
503
860
542
309
268
288
596
156
96
207
377
609
112
134
692
259
197
838
135
1
267
228
757
717
316
337
292
184
861
279
452
30
954
813
480
804
590
629
173
831
853
972
241
630
397
498
775
611
425
987
655
534
497
325
483
699
359
83
911
853
251
505
584
570
769
512
809
865
913
852
905
554
232
101
377
509
397
763
549
101
127
197
106
118
677
244
103
917
93
859
822
335
121
354
100
421
566
460
975
966
479
733
352
301
731
688
545
85
642
999
369
402
869
724
517
922
119
704
417
236
582
435
912
319
222
691
904
830
865
592
522
42
207
167
713
361
212
869
64
966
411
560
920
33
53
792
642
113
351
779
99
830
722
545
630
724
292
197
774
53
480
653
947
422
465
940
900
565
837
54
743
617
664
756
373
826
446
361
793
483
885
427
922
189
9
198
679
862
282
741
427
194
60
355
74
664
374
954
394
57
669
314
645
196
345
947
462
390
111
894
2
288
145
497
145
113
236
370
252
741
128
478
458
902
853
146
982
723
500
698
619
526
531
528
163
330
78
151
635
876
946
824
627
713
75
653
358
945
561
540
637
66
446
519
864
136
939
978
7
476
92
548
406
203
153
545
176
264
239
503
445
52
982
855
287
333
299
215
329
573
745
694
73
700
300
255
520
401
999
538
511
733
150
999
692
400
790
717
589
480
652
722
852
695
11
427
84
188
122
854
467
965
77
782
897
668
274
503
240
743
775
483
180
765
355
901
588
741
834
363
97
849
821
185
759
123
729
716
219
15
134
363
356
866
747
29
396
225
96
431
712
60
845
277
886
236
369
756
383
859
205
77
885
940
234
84
639
739
896
865
75
173
73
655
915
99
245
859
187
251
479
559
497
488
383
48
598
507
306
885
700
1
727
649
697
15
595
803
675
252
104
827
900
22
657
759
777
264
889
968
373
858
885
295
867
777
167
732
539
865
724
264
876
656
752
912
300
732
825
773
924
152
9
218
664
779
824
62
445
578
601
787
83
551
923
398
197
457
35
696
190
526
937
452
583
927
1000
666
951
211
290
315
850
6
403
694
589
891
956
835
296
960
668
254
4
761
954
517
272
599
429
118
55
403
167
667
436
158
24
215
465
962
807
406
556
158
606
647
995
734
423
933
417
250
137
271
82
384
552
653
515
588
84
604
197
799
392
707
692
77
438
831
147
731
177
68
554
569
843
973
387
77
40
637
1
992
194
15
746
709
975
923
759
655
640
35
401
714
35
493
246
653
227
57
860
886
414
749
998
670
96
999
133
383
303
43
880
347
622
862
990
487
461
34
243
504
33
794
10
612
200
833
403
165
208
406
725
25
216
483
445
741
487
630
784
348
228
135
293
18
501
227
830
630
700
881
80
456
263
467
393
582
511
887
106
741
491
894
886
142
30
956
330
375
734
970
988
756
743
249
425
486
279
728
305
211
363
175
558
141
466
676
406
943
736
934
940
518
326
273
510
157
216
906
26
707
87
91
114
624
528
608
795
310
700
19
944
533
801
981
604
433
74
14
464
408
163
143
897
943
23
798
22
220
117
27
16
417
160
104
858
663
175
789
332
130
644
189
603
524
352
787
787
588
887
41
7
384
760
499
376
312
960
231
173
573
831
527
722
34
939
91
636
978
28
256
907
826
56
366
857
344
799
129
82
101
1
125
964
439
943
408
418
162
416
762
667
991
597
344
904
557
167
866
423
136
111
57
497
127
942
645
610
778
142
966
106
316
649
66
591
373
648
862
470
875
663
392
770
339
639
925
267
370
260
750
451
329
200
128
717
304
679
628
487
73
829
612
114
353
357
935
95
843
956
207
853
382
877
89
536
711
165
677
923
634
626
799
977
749
752
524
896
709
708
417
672
174
60
961
539
413
254
773
781
736
929
209
62
920
66
557
509
134
831
57
87
820
113
572
281
213
437
423
930
703
835
317
836
648
947
102
453
471
301
124
441
100
848
454
466
507
302
235
26
21
974
177
688
408
329
367
434
1000
376
583
426
493
166
672
980
63
819
635
799
583
56
572
121
680
978
412
608
238
721
605
447
254
448
733
221
262
482
214
765
550
674
189
97
63
403
26
591
611
522
887
697
350
145
597
432
147
494
675
441
290
363
809
387
408
254
76
127
255
148
882
857
1000
650
240
598
942
84
962
182
413
281
468
676
683
559
486
236
797
555
189
253
309
796
800
255
683
681
911
22
802
199
411
855
413
303
858
690
273
880
266
521
588
609
640
368
270
817
33
422
463
307
16
43
97
188
497
482
744
391
295
625
399
107
41
390
245
619
585
540
672
454
224
935
344
160
556
349
648
345
460
133
296
573
110
684
694
539
558
757
950
338
170
296
87
945
283
423
184
29
15
493
372
144
629
776
122
344
416
65
127
862
800
842
448
624
5
455
219
218
141
559
53
616
600
341
217
847
154
866
79
949
394
765
148
813
8
886
289
15
380
375
334
920
516
972
232
254
894
509
336
655
143
393
502
843
467
933
686
318
871
190
706
474
322
211
552
693
627
894
141
15
887
773
202
439
114
276
886
398
552
709
21
348
964
19
672
313
841
891
700
159
920
427
767
918
521
632
216
616
484
459
135
95
802
931
213
403
64
761
581
744
645
720
795
391
204
220
403
772
612
204
781
769
525
795
128
344
829
931
85
174
853
27
654
759
574
627
390
628
575
924
410
196
955
454
257
250
271
340
392
947
554
739
224
915
648
371
884
729
976
189
878
399
972
534
314
958
304
578
837
530
127
357
399
570
83
158
783
684
4
677
101
550
563
998
174
895
751
958
755
263
504
589
396
84
818
709
587
862
915
610
203
590
168
139
267
971
821
256
829
52
285
388
85
437
889
197
782
372
35
378
926
891
382
28
981
387
870
304
178
86
750
723
447
654
650
71
662
877
545
814
628
548
192
588
893
984
899
353
48
377
204
15
508
469
393
506
523
301
114
94
950
230
968
325
306
867
492
584
393
521
215
765
491
963
845
179
471
479
848
730
981
472
162
742
774
838
211
430
990
651
500
879
464
574
850
463
362
510
888
527
195
887
982
760
507
921
798
857
226
498
809
927
204
816
853
223
922
52
162
616
124
323
253
717
439
383
100
289
977
157
996
611
269
336
47
12
611
342
642
343
958
993
46
185
581
937
956
145
386
616
623
521
519
343
797
453
755
367
238
436
823
218
248
501
205
514
498
988
515
50
704
77
932
669
639
455
824
659
121
453
454
251
394
9
7
29
828
962
292
223
672
104
114
235
814
421
293
983
311
182
475
397
281
594
35
676
787
26
190
175
498
114
644
124
859
815
34
303
545
138
787
328
393
204
380
514
61
850
516
518
814
339
828
871
941
918
156
151
579
362
478
739
976
657
870
154
521
852
826
684
349
901
439
40
51
521
229
30
396
828
251
878
686
306
453
489
452
99
341
679
688
334
801
208
714
97
276
175
6
440
150
987
681
660
376
400
644
710
275
519
196
116
569
273
264
803
775
169
389
207
264
290
440
686
581
270
306
707
860
2
592
234
855
398
179
151
423
969
60
140
984
852
341
802
6
126
701
264
296
592
762
338
597
2
515
804
788
446
918
855
624
666
608
138
100
932
755
597
27
682
5
746
595
967
447
694
723
309
802
990
298
575
81
381
170
509
947
781
702
86
383
860
727
649
806
857
285
669
291
15
868
530
606
945
661
631
633
158
343
910
498
392
141
532
131
943
209
493
654
52
145
376
573
834
954
646
753
807
963
825
937
676
555
651
574
257
276
212
988
821
418
1
300
356
727
409
664
730
169
81
910
454
255
866
96
683
624
337
211
275
156
912
815
877
87
396
742
841
387
911
873
97
660
566
607
338
506
285
935
395
667
153
873
6
480
174
760
332
377
314
218
958
738
274
547
473
696
869
62
34
175
758
614
658
478
109
940
739
6
71
170
692
246
733
287
594
810
979
412
200
853
154
239
191
125
856
725
41
238
86
374
43
442
618
275
970
207
278
939
367
529
977
863
93
610
365
554
514
551
328
869
493
853
415
858
719
276
432
983
485
34
815
101
253
763
187
962
982
112
9
596
901
461
578
479
862
160
505
657
471
550
103
987
979
104
338
474
926
463
379
920
660
331
504
557
687
258
530
209
209
383
383
22
430
961
50
986
517
758
361
467
41
968
247
518
147
262
379
913
835
38
370
335
519
306
585
172
242
360
773
826
648
910
230
219
681
38
865
856
141
894
589
209
975
276
840
558
45
912
979
581
646
130
979
837
501
61
170
963
990
812
109
123
630
973
831
769
791
939
863
528
68
520
525
995
666
722
722
634
208
333
24
7
201
410
544
2
839
95
123
370
642
670
867
381
201
314
915
145
304
296
948
715
122
747
25
521
145
402
869
779
733
965
84
607
977
630
303
142
484
669
988
880
318
535
902
615
969
839
424
171
867
981
624
329
457
383
90
906
853
189
857
529
203
177
245
917
329
87
258
304
485
137
294
175
779
318
437
883
31
148
288
95
608
947
995
322
478
164
6
551
638
266
559
156
531
800
741
521
319
388
80
41
378
82
247
981
193
707
298
439
275
767
882
676
456
689
461
78
84
219
438
817
451
362
445
900
580
290
91
730
347
685
969
642
722
248
41
451
599
471
372
276
380
386
29
403
819
551
791
557
496
443
339
878
188
283
588
40
543
336
191
369
758
442
956
664
101
76
82
321
446
457
379
426
515
388
771
44
208
118
815
382
197
52
803
30
387
615
125
58
868
17
224
454
999
436
211
102
124
165
228
679
126
753
639
585
407
86
131
791
312
53
734
450
153
31
448
691
989
22
790
704
258
877
520
585
232
218
197
987
423
579
781
36
598
63
72
792
273
719
45
188
691
869
813
929
660
987
569
395
277
174
153
467
978
852
694
481
182
189
210
86
653
239
31
721
534
100
126
985
120
223
969
362
544
548
378
419
503
992
910
568
776
129
380
35
547
343
738
216
59
756
146
136
263
599
481
951
247
191
153
138
981
926
271
867
15
460
895
560
490
278
966
216
585
183
705
671
974
909
396
284
407
175
502
913
421
438
315
60
921
369
801
732
912
853
71
837
121
212
123
959
452
6
915
467
974
942
190
537
362
39
165
462
946
478
836
857
622
297
469
736
147
584
318
215
224
491
169
761
518
29
422
729
782
799
380
339
855
864
269
367
536
916
915
486
803
242
541
984
618
346
559
789
926
30
785
2
790
721
814
15
269
374
751
718
359
674
737
199
85
644
437
330
343
884
39
140
210
890
377
509
186
216
649
913
898
675
112
87
969
582
772
862
847
327
368
278
320
574
42
302
88
827
254
634
192
983
377
95
112
622
401
386
126
700
323
157
878
638
812
356
146
114
724
152
595
977
664
729
129
139
335
489
767
268
416
686
979
182
986
912
789
183
35
69
725
516
309
921
18
743
462
738
264
213
799
619
34
490
327
662
201
937
337
488
363
599
683
400
623
608
368
736
232
164
769
519
368
83
87
493
183
662
236
665
524
8
411
584
323
349
413
639
816
233
750
379
291
764
879
958
837
853
477
365
770
165
689
431
158
974
818
281
109
147
912
536
846
18
586
23
495
39
42
954
207
682
495
897
376
20
428
513
124
134
15
415
906
99
949
703
224
463
180
812
403
959
561
489
13
459
402
263
526
666
167
944
630
404
941
363
314
934
122
185
941
434
600
160
321
957
836
805
486
749
998
200
154
706
622
930
529
11
317
754
31
109
570
144
668
680
902
450
208
619
282
366
607
825
367
222
30
275
398
874
887
192
81
211
481
234
137
236
924
211
74
294
731
24
172
60
394
949
948
716
338
961
362
719
395
612
363
114
762
134
586
318
396
617
451
197
521
777
441
287
515
595
329
572
289
684
421
770
368
651
789
377
857
466
883
573
369
257
854
932
117
692
418
49
468
239
350
400
977
574
470
699
113
321
954
628
242
368
366
20
245
83
195
931
789
646
198
65
152
923
87
660
566
352
741
947
887
738
233
947
962
178
992
823
620
15
804
390
69
436
421
824
169
4
540
832
869
323
489
64
857
695
526
402
525
663
467
931
927
955
3
13
532
452
143
517
124
996
185
369
819
25
532
702
309
334
258
818
170
171
310
877
851
55
779
381
284
651
876
586
650
656
246
735
846
36
123
139
810
209
80
735
20
582
546
376
321
226
156
815
708
334
508
383
831
482
278
406
536
955
849
304
376
540
833
529
473
418
428
250
582
60
994
238
303
403
838
372
724
919
562
335
138
338
298
661
980
313
295
173
620
455
792
445
450
764
12
235
156
631
459
450
903
888
341
519
940
793
386
652
455
189
484
244
988
721
194
760
739
346
159
34
278
648
250
873
240
114
319
44
744
482
910
306
261
722
290
569
149
367
533
446
313
900
914
293
195
330
611
768
875
847
108
389
894
37
831
419
673
605
434
502
260
859
78
124
866
988
689
502
15
53
687
955
819
149
524
585
639
94
957
741
109
936
599
293
493
975
744
421
165
646
789
807
369
195
92
710
20
805
835
316
501
91
320
418
285
191
506
649
535
716
80
471
25
964
305
924
275
820
259
717
390
571
32
208
911
233
910
377
515
757
774
365
741
266
272
277
278
747
428
525
508
212
820
21
390
443
880
576
79
550
18
116
577
950
491
145
61
29
94
637
168
285
4
583
279
905
215
706
926
392
379
213
125
910
153
657
301
581
894
362
618
613
955
465
217
975
479
873
707
184
498
41
818
828
467
98
300
185
885
922
78
702
893
296
59
683
655
913
341
514
665
353
779
71
376
46
588
533
986
306
842
841
884
111
562
218
325
88
396
521
618
573
678
413
723
479
158
482
430
61
423
771
963
135
91
302
416
409
458
440
757
938
634
224
771
869
824
984
952
151
494
177
350
115
621
422
838
51
141
268
486
879
411
112
3
250
489
921
43
843
156
208
753
154
658
566
582
308
747
581
174
937
771
729
314
667
364
88
116
490
136
847
128
342
263
687
752
60
550
929
288
908
266
278
76
458
595
482
271
692
268
625
798
516
738
762
644
927
619
395
959
556
680
573
722
465
894
346
324
43
722
333
553
596
395
481
352
170
301
60
925
253
346
428
312
313
548
243
237
21
657
328
213
435
949
574
542
233
542
864
350
799
396
685
69
939
408
881
420
569
807
4
928
727
198
231
188
103
528
844
126
582
238
261
176
429
526
593
618
366
704
714
142
818
837
385
364
472
496
166
31
448
481
27
32
353
368
969
114
320
183
622
406
514
379
733
591
428
636
845
888
856
131
759
764
170
716
842
870
396
572
25
459
328
636
688
285
108
583
739
226
210
584
408
4
920
192
741
954
206
911
933
582
430
136
327
656
585
346
311
548
255
571
2
119
239
456
324
640
168
203
564
108
678
517
578
218
410
972
215
673
891
854
462
766
250
518
906
314
373
214
825
956
257
758
639
715
405
68
814
39
517
5
396
96
980
403
589
639
862
112
242
676
501
377
122
871
50
102
913
147
735
913
727
23
882
349
338
327
636
705
118
99
338
629
883
438
724
308
440
226
125
491
607
35
403
337
608
625
767
40
227
9
454
442
673
205
881
119
730
91
858
239
508
964
321
666
834
367
174
168
675
5
783
14
253
574
852
926
233
124
841
435
353
509
740
747
95
863
671
637
376
751
120
484
801
915
656
269
752
97
945
630
382
831
924
376
820
333
921
279
84
295
679
183
257
936
615
873
42
883
245
958
226
107
590
131
820
758
504
382
837
758
238
911
266
928
371
762
644
32
874
637
561
133
963
509
605
560
992
510
33
523
792
931
466
104
556
506
541
439
529
667
914
228
909
707
502
816
685
916
454
375
23
415
841
227
107
589
685
103
903
290
972
101
243
427
904
668
658
114
645
197
899
351
38
69
166
49
883
151
699
605
441
283
103
438
178
770
264
158
783
963
732
716
772
539
29
575
579
712
423
562
195
407
749
680
657
823
337
913
207
118
211
86
421
122
667
170
142
18
554
209
813
830
982
933
887
356
853
295
923
829
965
171
495
975
488
927
452
252
101
381
661
267
757
174
979
477
156
946
845
59
905
526
382
767
815
725
392
136
84
762
64
57
818
596
465
940
492
851
958
563
564
706
362
983
379
174
554
613
896
46
710
350
908
916
563
357
205
819
828
62
666
712
59
190
334
670
34
638
873
541
479
643
108
555
352
483
851
949
50
312
567
623
937
409
965
675
283
866
17
815
125
616
743
370
891
466
987
632
209
773
15
804
408
670
309
693
142
581
454
620
532
40
203
469
574
821
674
428
702
309
235
186
218
181
962
984
240
575
904
363
543
113
270
777
367
195
329
603
860
158
204
331
759
708
954
783
446
307
908
287
677
78
194
348
356
669
941
593
410
652
28
383
131
258
493
315
679
290
447
99
875
463
853
249
419
444
630
174
688
649
738
619
454
389
120
588
330
360
334
262
706
352
728
851
149
944
45
835
285
707
294
709
170
271
889
799
361
127
853
658
748
929
510
121
212
66
587
835
12
367
230
543
592
477
188
872
317
667
486
9
363
182
391
530
505
261
71
732
896
783
135
354
850
130
838
976
588
453
60
960
586
96
525
547
154
810
480
653
132
59
648
532
248
900
378
138
184
411
128
753
728
187
878
558
67
532
4
393
616
110
355
172
245
628
547
410
250
119
795
811
705
816
867
661
436
259
15
212
592
296
524
125
793
99
65
743
479
14
862
604
23
510
871
391
28
35
895
525
359
620
447
601
157
3
678
603
120
340
645
841
657
556
995
905
884
423
567
717
780
754
932
864
233
643
202
872
751
294
906
308
657
209
866
224
686
978
426
895
955
744
270
984
849
199
477
404
24
815
841
999
908
599
312
221
831
646
986
815
311
675
188
966
481
766
69
215
502
471
887
96
453
981
240
314
722
297
946
423
166
916
535
214
878
621
761
980
560
176
752
294
147
52
781
964
862
924
728
56
661
504
109
255
127
780
28
839
603
754
577
322
188
276
809
161
787
100
78
469
164
335
684
786
11
127
765
22
529
689
866
96
297
239
108
980
112
622
690
742
133
610
819
20
364
664
550
513
737
541
32
271
476
677
550
950
664
206
188
186
368
358
629
97
20
130
171
366
776
666
706
615
30
897
856
622
198
369
927
350
682
350
663
299
559
201
702
543
249
656
369
995
430
908
279
227
821
235
555
69
880
751
139
923
792
319
72
327
585
821
765
927
350
1000
210
417
173
890
915
736
150
445
829
239
992
761
433
293
933
209
789
2
879
239
942
538
459
645
426
824
885
438
238
604
780
563
187
584
471
946
318
103
832
141
128
503
728
559
827
512
971
540
599
333
389
169
883
739
685
937
544
360
850
850
410
686
324
176
840
712
68
16
623
396
69
607
258
930
236
692
853
204
23
12
985
22
491
29
922
215
600
397
88
904
928
139
467
581
646
805
922
810
436
196
966
704
184
77
250
617
47
930
950
400
794
545
453
587
424
59
67
757
948
287
691
984
496
135
175
640
419
556
385
838
583
566
298
827
806
614
874
987
918
864
751
236
226
355
937
735
588
179
749
870
15
705
721
383
626
816
192
552
698
59
989
83
142
422
461
900
345
347
632
953
467
926
937
25
417
794
950
32
847
293
218
394
867
345
585
445
316
909
524
717
243
548
158
322
136
740
413
4
56
538
765
754
773
371
610
719
399
510
436
998
994
449
376
344
648
737
125
236
192
358
835
638
735
622
891
122
590
480
235
627
971
212
249
583
845
65
458
141
123
751
843
483
212
519
248
913
44
472
451
609
645
555
375
763
556
944
853
844
686
818
359
359
435
65
331
960
386
927
291
292
245
598
123
588
150
983
674
396
825
741
412
983
692
108
511
645
941
476
516
568
3
611
105
203
103
554
461
892
492
21
803
348
805
193
963
676
614
842
917
498
766
106
592
260
276
73
730
12
199
849
784
701
346
465
144
101
944
269
125
179
723
627
275
51
852
817
788
664
646
774
827
330
492
422
614
600
805
722
641
695
652
455
601
139
917
669
270
102
164
867
12
647
568
778
643
628
745
47
526
427
374
444
138
181
402
377
768
492
311
311
740
7
931
54
646
804
611
728
625
893
893
837
82
142
906
184
427
173
924
57
609
699
924
965
707
906
976
27
380
144
827
545
571
595
517
238
800
173
484
360
10
106
195
266
31
768
850
774
267
887
606
857
669
936
586
895
206
610
702
492
515
555
776
806
637
748
128
199
751
217
825
503
808
247
284
841
522
190
134
693
458
681
318
54
609
619
344
316
498
733
453
725
741
286
974
463
491
698
335
194
619
693
777
308
525
690
618
780
493
559
728
531
114
572
900
320
71
20
804
683
265
354
572
44
826
848
6
637
342
548
15
309
796
852
716
374
551
755
964
202
846
284
760
97
233
519
737
158
197
666
576
203
305
498
20
66
810
82
311
822
980
810
826
233
410
36
946
751
631
403
939
523
758
637
516
184
703
587
755
210
868
878
891
70
75
60
763
776
4
83
793
804
853
637
735
23
92
773
932
470
861
466
166
758
605
537
982
263
998
247
501
875
931
999
214
923
615
577
619
452
153
740
517
45
995
821
22
493
211
920
65
779
993
951
117
757
570
537
606
21
477
148
988
457
508
862
400
314
317
760
412
512
273
661
474
459
556
561
512
596
103
125
434
606
363
506
504
199
503
908
690
132
851
810
850
556
685
626
465
315
228
194
44
666
884
549
888
173
346
234
340
885
376
987
54
631
194
653
656
597
290
947
772
947
721
392
726
140
591
173
425
446
750
639
501
228
474
596
840
67
219
88
954
439
373
203
101
446
295
853
444
829
324
973
315
802
271
463
104
705
786
940
921
675
401
958
543
108
34
484
641
165
991
242
115
9
176
956
447
395
898
445
749
304
429
867
176
249
341
534
481
884
102
857
520
186
286
959
704
284
61
218
995
10
992
992
589
573
367
455
893
270
51
171
66
334
236
229
210
751
354
686
968
907
875
948
255
380
700
324
138
331
251
65
70
61
741
811
763
314
499
932
166
312
690
415
667
760
579
450
129
295
392
710
686
535
640
652
316
103
221
906
4
657
340
311
195
523
109
275
258
640
628
410
923
511
102
202
136
788
560
483
109
542
117
503
65
665
974
42
826
188
847
668
311
734
800
500
393
53
89
135
84
631
313
401
514
4
233
500
602
459
252
999
255
141
546
904
83
255
189
373
830
148
932
512
306
170
70
737
81
755
489
16
720
663
620
979
453
448
841
844
736
646
463
231
598
420
887
858
564
99
29
230
74
477
178
446
853
101
328
614
137
949
309
717
263
176
43
237
180
177
343
251
58
52
41
666
331
923
859
253
106
587
814
221
461
889
945
423
592
799
788
746
371
171
132
679
584
514
887
994
829
745
507
840
865
212
265
817
644
179
144
312
87
177
63
673
823
542
179
267
244
600
867
309
519
174
895
214
635
781
424
391
698
687
452
140
227
264
689
220
51
930
236
204
499
460
34
11
456
278
943
209
536
672
484
969
475
156
423
577
608
218
662
831
778
218
723
318
603
175
367
202
832
834
752
272
340
788
717
378
49
224
420
353
276
248
297
412
833
535
890
896
80
895
344
504
222
540
145
719
150
977
556
579
425
65
964
429
924
416
913
710
218
652
683
749
353
462
232
886
881
941
128
940
402
949
720
322
413
764
732
791
414
837
320
728
664
945
960
299
642
898
318
969
809
50
388
315
662
980
650
128
297
224
19
653
702
349
540
295
591
58
316
925
482
221
154
513
613
80
715
377
895
385
435
905
528
426
78
611
947
64
719
897
459
679
633
850
189
197
525
380
229
198
155
154
451
425
828
358
726
992
94
567
465
629
737
990
310
931
651
374
729
812
575
747
439
50
92
756
150
359
666
867
957
480
319
613
264
343
76
941
389
416
546
182
843
679
201
25
20
704
889
443
839
918
322
251
467
832
938
3
113
369
389
300
338
416
2
383
409
472
675
201
217
304
405
406
898
717
537
298
144
94
697
371
653
912
335
475
705
203
67
862
991
757
460
711
625
430
50
951
918
372
833
632
683
56
127
830
512
456
193
656
941
670
795
46
396
385
960
43
776
786
961
13
167
722
777
226
468
698
896
142
136
435
797
218
490
592
754
223
644
512
355
436
520
448
95
531
531
65
811
602
697
957
523
241
409
992
42
696
746
612
91
259
718
654
17
736
502
440
748
456
566
798
245
765
459
660
557
67
370
439
241
57
642
540
704
810
957
895
463
759
731
245
309
175
864
619
979
986
279
952
622
578
559
288
753
796
261
987
564
229
538
669
801
336
558
39
649
551
204
127
450
544
392
651
108
242
855
987
140
791
774
88
312
277
518
328
341
168
590
859
853
306
433
674
853
390
706
711
550
241
245
680
681
274
624
336
401
379
210
479
924
1000
170
96
106
648
347
860
137
618
807
622
976
922
770
510
187
731
120
722
23
295
561
146
806
125
483
18
452
451
601
950
795
717
276
136
876
428
31
894
79
65
199
602
677
412
802
298
404
825
455
529
267
538
639
717
975
835
490
635
645
729
405
319
416
837
130
353
685
992
97
268
534
294
750
577
516
984
635
756
1000
461
63
965
603
898
279
881
845
394
556
569
251
358
613
340
725
512
166
105
879
125
617
656
677
41
837
74
708
951
380
437
815
690
993
380
240
246
361
262
807
354
825
190
664
890
529
596
392
455
744
970
224
786
512
329
117
369
299
532
287
105
997
957
888
349
220
576
968
862
310
781
223
756
66
777
858
515
466
503
58
866
454
434
841
272
941
391
734
295
368
609
707
573
687
533
461
769
112
263
467
363
325
724
723
896
742
898
466
604
814
845
634
736
514
739
201
822
680
546
912
698
508
712
9
660
265
747
348
836
270
211
307
77
686
677
908
397
13
265
704
627
48
470
770
546
836
108
434
317
281
562
234
411
576
161
584
542
91
713
30
926
917
794
870
203
986
590
418
371
967
342
675
1
645
290
848
103
26
676
482
45
73
39
326
826
123
28
250
106
302
909
795
976
277
446
198
350
360
17
325
956
853
505
837
13
399
353
990
704
86
565
946
933
999
945
778
822
862
297
637
808
345
417
362
178
431
974
681
230
720
804
973
77
614
650
764
592
949
235
818
436
479
342
546
14
780
544
919
375
200
472
266
817
516
380
493
211
921
706
599
34
363
401
209
153
123
585
689
841
711
648
692
876
830
791
818
799
678
468
580
878
473
969
241
405
120
773
914
620
990
418
818
290
288
87
82
926
179
870
892
505
878
368
478
928
226
680
489
905
503
182
331
355
945
189
858
251
4
406
858
364
35
566
89
935
647
510
680
860
510
513
76
968
489
4
7
215
379
225
337
587
911
444
242
781
809
978
693
980
632
222
757
500
618
358
515
81
296
613
59
980
772
203
531
21
129
994
382
690
1
322
792
510
101
919
123
925
184
937
513
783
708
693
619
108
530
682
89
943
244
942
11
566
550
378
431
328
924
148
908
256
893
619
407
745
513
32
748
579
118
811
903
565
17
891
883
987
955
178
923
682
506
640
831
153
355
160
305
498
316
336
697
914
622
212
86
5
507
877
166
94
124
862
567
869
190
488
958
497
6
399
713
329
875
916
320
838
163
651
569
475
289
728
525
151
149
646
84
410
379
544
928
6
337
268
633
344
332
988
828
23
722
879
810
325
758
576
246
740
807
405
223
682
905
162
975
480
592
447
83
719
810
792
788
484
357
955
509
350
394
959
141
973
376
371
383
750
571
493
113
468
654
956
923
880
6
8
600
668
537
824
809
333
256
908
768
880
945
301
26
118
408
106
585
778
326
76
793
91
42
907
465
421
624
754
908
237
511
465
921
812
496
738
879
59
251
782
861
641
556
129
137
985
414
659
816
127
702
176
446
708
748
890
45
24
941
766
539
96
885
101
728
496
371
59
333
114
573
901
99
168
342
247
146
766
533
219
225
732
256
769
406
906
504
811
335
725
150
872
832
905
367
780
549
559
532
413
491
586
381
585
714
420
848
374
709
846
428
987
477
96
434
469
91
629
742
172
85
995
331
936
387
57
813
502
650
634
43
103
96
506
844
986
441
918
312
520
370
88
75
689
204
747
382
574
803
156
135
543
784
330
882
270
156
816
319
563
565
144
590
184
246
242
209
320
986
365
905
604
793
925
763
959
542
238
403
827
664
248
970
322
888
252
741
938
746
853
830
91
264
2
327
394
155
107
732
171
91
98
720
226
993
501
555
723
363
609
962
724
448
769
543
511
124
302
931
148
350
481
601
350
753
912
333
916
392
53
517
955
469
869
551
43
107
63
363
511
42
459
754
441
819
758
231
405
190
283
708
628
48
419
129
900
776
369
385
686
412
671
981
921
800
525
349
317
391
36
108
914
924
413
867
369
27
359
721
204
52
785
25
786
40
28
292
365
47
357
418
552
25
730
315
379
803
171
762
833
989
251
556
660
857
582
86
351
671
893
477
635
647
424
689
14
878
76
981
274
548
421
760
882
925
333
23
10
168
166
599
591
628
877
254
5
193
407
121
976
774
88
275
796
647
841
509
617
233
970
161
913
1
825
507
188
393
297
922
559
549
431
595
272
926
561
287
572
252
48
78
749
177
79
740
78
227
932
451
417
667
526
810
476
92
392
612
270
597
310
603
368
411
605
718
770
849
56
593
819
625
224
61
926
840
339
735
777
837
384
413
152
554
434
519
449
782
739
490
305
825
699
274
615
882
657
793
199
486
753
115
34
642
679
797
211
379
819
973
717
355
910
683
76
695
323
656
154
766
737
949
987
485
969
152
538
129
275
107
653
813
221
414
103
597
878
478
220
993
808
941
322
702
477
547
591
241
700
365
509
710
747
798
461
336
495
764
515
290
242
644
910
389
668
520
211
291
381
688
626
235
770
207
617
998
78
687
847
930
939
407
268
548
689
468
320
260
61
182
217
539
526
781
960
432
173
83
678
260
467
708
243
850
808
651
688
171
264
943
446
920
360
318
550
953
274
320
138
255
861
559
915
485
193
125
781
740
761
527
120
79
977
281
337
860
202
162
224
812
308
617
971
188
156
640
3
333
702
408
173
210
957
590
947
8
792
140
260
2
327
123
290
989
7
543
690
945
337
707
746
322
810
175
918
830
694
71
643
64
199
486
663
828
589
515
16
724
902
291
805
258
408
383
698
39
675
559
768
907
773
102
140
302
89
776
535
366
448
10
318
562
10
697
66
239
638
886
658
752
888
201
504
668
715
667
762
243
128
88
482
896
709
636
56
854
25
509
517
364
831
242
708
978
714
418
285
921
624
336
705
182
145
886
893
511
65
112
192
585
764
818
727
722
986
980
44
818
524
853
779
47
134
558
93
897
68
880
903
171
474
504
125
372
551
594
260
189
986
701
838
323
312
597
849
239
620
46
490
308
976
520
678
992
50
830
585
479
163
315
794
245
756
111
951
651
314
966
805
220
109
194
307
215
451
738
407
495
266
595
305
402
333
382
559
663
150
706
360
548
109
348
973
911
216
188
45
83
596
337
480
245
474
895
342
223
190
944
409
356
684
930
304
917
572
240
446
108
944
147
962
504
274
298
440
664
932
311
872
3
650
740
917
487
994
189
289
577
24
384
847
573
115
899
369
173
388
53
347
31
816
960
232
642
820
645
411
514
464
368
960
485
223
829
733
596
293
235
19
246
10
385
161
249
599
895
675
226
342
245
487
951
791
961
144
604
392
565
550
659
941
24
206
335
312
262
990
34
331
42
308
701
691
203
239
377
423
156
534
868
178
633
768
582
69
279
972
924
968
163
737
884
970
790
568
330
248
87
969
923
10
625
460
384
404
790
954
69
212
701
90
162
735
264
79
914
721
353
818
947
244
470
837
93
728
954
72
518
309
46
399
197
341
80
915
469
509
259
392
21
997
87
551
142
806
578
525
364
996
167
924
752
708
446
392
77
335
117
877
915
639
509
759
216
274
47
641
173
621
417
322
816
219
956
725
574
278
944
657
700
245
554
824
621
639
748
395
446
318
190
206
344
799
612
440
926
634
247
742
680
149
1
729
159
957
491
484
499
760
425
242
577
533
585
888
104
341
655
359
998
78
861
349
758
213
113
52
158
884
407
155
374
524
905
347
643
701
420
69
388
651
245
498
468
259
412
83
258
839
216
938
582
422
434
961
221
24
702
722
95
432
872
110
446
435
723
593
906
576
784
782
291
144
93
392
270
1000
268
209
107
485
565
542
702
567
454
530
693
937
762
185
274
256
456
208
290
361
974
564
548
120
934
528
686
151
48
36
461
740
159
666
179
654
608
793
214
833
544
840
710
375
374
3
887
577
129
650
800
807
875
875
451
509
766
276
558
679
886
829
641
334
176
918
506
211
336
997
861
251
641
811
704
859
9
111
710
422
331
162
377
533
33
53
685
326
257
360
395
457
311
549
532
582
412
261
87
811
510
441
973
725
224
195
682
397
835
429
406
293
116
146
157
90
520
148
372
796
158
182
653
4
956
27
740
622
581
359
659
903
513
629
764
32
85
40
621
484
716
629
992
798
550
992
243
519
801
351
54
783
765
741
827
97
916
472
459
532
634
940
230
654
657
976
571
660
560
762
465
176
677
527
372
954
9
766
13
187
339
838
859
557
223
332
847
71
144
610
767
800
139
564
544
329
719
420
81
664
298
609
430
90
437
692
34
417
715
59
577
951
686
537
37
801
683
157
447
751
823
82
97
251
441
623
81
912
633
344
104
45
258
661
699
26
109
906
122
18
902
295
16
690
394
288
491
833
913
943
28
752
833
48
1000
420
427
646
56
178
34
812
102
978
945
831
730
647
267
634
364
694
113
802
450
309
176
379
172
614
154
18
798
715
678
812
686
484
298
919
423
928
175
640
588
208
173
629
945
570
185
92
375
92
973
900
199
503
903
386
225
511
28
310
933
304
95
431
409
723
564
868
404
217
314
325
266
727
536
633
737
738
527
409
124
429
881
581
854
993
144
261
842
533
402
579
344
670
211
175
850
592
51
979
192
894
866
577
120
326
242
785
74
584
884
463
467
633
549
365
209
987
394
708
871
863
753
185
448
294
850
766
41
724
358
342
714
830
639
93
94
277
505
559
820
564
312
816
612
271
769
372
94
484
845
648
47
558
803
16
397
911
997
370
598
622
934
643
172
922
674
250
179
958
87
98
646
925
259
779
119
783
342
322
310
45
81
447
155
545
887
864
79
746
635
141
560
663
2
100
732
89
634
406
257
382
827
537
425
940
405
343
203
18
147
767
160
181
151
691
172
234
349
818
654
582
68
910
553
166
330
832
67
740
183
370
862
512
878
686
70
136
55
950
434
232
145
91
150
733
262
642
888
598
614
564
713
228
369
29
319
324
999
487
817
611
610
167
579
410
935
880
922
833
209
23
962
320
302
511
590
796
318
854
983
791
417
623
658
516
1000
993
955
505
168
617
662
925
130
36
647
316
238
55
136
609
561
202
364
587
436
73
993
259
384
253
27
373
502
116
855
765
124
52
213
180
773
534
714
699
191
664
428
343
340
979
527
830
737
575
263
745
603
659
375
498
218
521
634
311
230
225
641
856
58
901
196
766
830
454
124
204
866
189
400
779
871
788
486
352
752
446
245
841
9
283
256
680
511
553
382
678
736
736
624
692
52
684
826
550
132
121
781
505
690
266
396
551
705
682
606
592
623
335
404
171
568
723
356
997
108
461
125
489
932
263
147
666
585
297
981
461
550
647
541
922
359
695
368
459
98
157
447
758
452
442
797
832
575
890
434
667
323
269
911
401
579
256
523
729
226
781
590
602
733
976
764
798
498
28
388
17
545
613
609
241
882
719
528
400
567
527
219
927
859
752
606
942
748
994
873
858
309
462
469
718
407
884
546
269
193
264
647
302
390
747
892
66
638
566
125
554
695
444
176
812
885
904
961
815
519
357
211
284
796
581
554
425
846
980
22
496
159
86
691
109
521
853
135
976
914
831
164
615
119
816
806
304
496
165
79
365
53
825
130
496
111
594
900
282
402
238
225
127
337
459
950
100
603
60
379
204
597
579
180
78
80
347
280
19
412
189
953
575
821
406
653
542
68
174
916
721
666
164
531
137
65
496
977
579
379
329
168
845
735
88
222
312
360
645
573
758
353
81
927
838
839
12
614
725
949
207
898
47
614
396
748
455
142
525
908
27
673
219
550
180
305
624
298
628
290
382
860
113
432
161
465
185
435
83
275
374
962
31
726
276
230
640
188
104
760
858
302
796
550
585
309
816
746
361
232
443
43
526
590
3
456
965
918
825
482
195
405
608
473
732
704
527
42
430
899
597
576
24
1
645
457
421
964
618
354
461
968
349
37
949
947
301
161
14
224
69
163
988
44
36
780
544
184
329
427
904
200
702
405
997
803
975
314
550
541
474
194
299
337
41
303
52
851
438
444
970
437
174
206
166
432
58
643
450
173
850
537
29
380
746
991
203
325
129
890
323
30
295
185
466
524
928
881
833
957
871
896
787
270
732
188
570
848
96
444
650
568
433
834
837
463
313
775
48
71
20
31
766
696
18
479
4
65
521
660
429
659
311
37
327
18
814
156
566
773
369
569
791
849
526
560
496
977
13
356
390
129
272
596
894
770
602
620
168
920
973
767
969
387
263
84
672
99
829
311
891
191
579
257
739
848
522
338
702
953
243
262
531
474
148
518
395
990
264
617
430
97
147
482
251
238
487
644
885
279
360
555
650
358
991
749
37
53
917
497
287
625
126
254
529
740
784
511
253
594
780
637
942
260
476
790
373
884
302
789
477
984
632
714
706
730
588
140
517
71
918
979
379
31
876
947
351
605
493
134
516
559
181
777
376
424
104
290
262
428
980
752
178
988
508
547
58
267
683
526
387
327
70
43
706
876
429
421
717
406
459
491
368
61
755
292
316
494
278
358
445
480
890
692
163
420
29
199
540
432
75
395
839
669
324
950
364
672
746
685
795
366
273
695
58
84
583
438
562
726
422
451
284
918
656
465
56
527
107
589
815
194
125
164
586
761
577
814
209
899
114
441
433
759
704
473
128
812
769
559
899
728
834
568
738
823
390
855
233
447
61
717
147
721
449
176
714
691
61
522
770
772
775
788
999
279
623
330
795
700
440
1000
789
763
519
253
63
779
762
575
518
666
620
592
327
453
382
239
832
130
951
274
101
12
294
283
773
743
79
312
268
405
981
496
449
681
288
362
651
409
703
496
415
793
615
301
821
566
892
554
229
104
63
351
628
307
730
648
251
783
528
317
657
855
568
247
776
216
427
64
190
771
931
187
181
556
591
12
852
971
364
16
407
291
855
808
837
385
928
298
913
223
297
481
372
714
632
78
648
689
328
302
968
423
655
142
750
35
963
901
780
853
46
449
88
188
652
245
50
638
763
577
455
935
354
554
955
150
397
812
859
76
328
637
873
430
410
555
43
429
788
225
798
597
369
606
974
482
265
111
954
802
129
222
486
446
613
298
712
66
880
129
951
704
331
100
857
592
684
10
429
596
761
551
624
88
630
398
683
143
299
629
300
508
178
200
364
638
855
553
850
336
49
942
454
23
488
107
472
981
63
786
722
206
755
992
651
489
309
969
350
329
309
567
674
965
855
871
435
509
507
469
641
102
735
90
39
599
520
82
103
101
849
627
491
820
514
202
799
927
749
88
486
785
789
5
259
45
360
60
417
180
631
744
420
245
955
573
898
353
322
994
964
263
138
669
217
885
725
919
589
497
246
218
661
607
35
872
303
660
684
982
88
890
235
617
893
612
820
319
902
557
967
426
104
212
819
976
131
667
645
655
371
336
657
55
354
779
825
336
654
457
76
317
367
1
432
641
59
93
699
185
141
675
398
434
172
964
35
309
912
852
9
1000
867
548
94
384
493
405
36
643
760
822
343
138
925
455
510
910
822
6
679
491
918
450
432
459
646
39
187
356
922
946
658
92
323
973
692
219
990
940
726
123
133
641
14
748
884
621
628
371
847
480
713
179
753
52
596
180
840
693
235
963
272
107
839
611
125
954
148
274
741
729
591
111
885
3
176
75
43
683
354
973
164
75
705
195
383
463
756
125
665
149
626
444
522
616
209
315
720
341
109
885
786
469
967
791
960
804
942
279
954
481
202
982
174
391
350
338
454
860
717
367
561
904
369
502
448
568
64
742
387
180
320
387
686
973
828
892
135
139
912
377
385
438
481
741
805
228
137
640
135
466
161
521
407
422
191
306
506
485
571
507
8
792
13
740
447
412
329
149
248
842
13
920
784
868
522
138
122
425
41
294
42
395
176
747
309
671
917
183
904
237
611
3
294
769
675
600
526
609
492
682
276
15
894
781
815
433
683
70
483
255
367
651
472
413
489
53
42
355
91
389
298
281
399
469
789
366
354
320
596
971
518
852
260
731
762
831
358
686
572
816
850
31
138
295
471
570
5
224
678
449
280
876
792
497
328
153
637
417
123
411
775
27
478
866
534
334
82
102
277
299
134
664
781
566
171
435
769
640
732
587
889
131
612
757
474
581
197
383
278
184
542
545
937
425
853
940
108
600
341
322
349
759
489
215
902
343
74
510
308
911
621
783
643
79
937
839
345
348
679
800
520
204
962
627
632
701
530
139
981
112
52
844
100
748
396
612
203
185
942
584
786
865
496
530
813
246
196
858
691
40
621
819
772
749
528
720
94
974
38
70
56
656
518
19
275
992
256
79
974
579
431
186
273
797
823
327
797
15
288
943
178
711
744
937
504
827
872
48
842
21
544
885
535
54
301
823
299
644
644
385
870
286
687
539
899
426
239
979
364
348
666
221
756
538
944
192
253
949
417
764
307
203
393
49
985
795
982
465
42
672
241
73
611
570
411
491
935
289
259
608
114
867
45
444
59
584
988
938
692
597
379
482
371
998
33
569
270
943
403
776
898
468
670
303
517
663
566
123
637
810
568
877
712
470
695
829
629
499
821
71
555
521
463
981
665
6
855
533
390
993
732
820
938
471
428
475
972
300
597
674
477
765
729
994
188
555
376
983
68
585
258
797
876
442
933
194
733
717
123
37
641
715
88
54
913
315
419
70
496
722
51
544
375
585
708
784
640
490
873
210
119
500
524
870
357
351
772
523
639
969
743
794
151
611
688
861
329
446
954
415
369
370
958
365
235
519
649
774
995
917
994
279
742
18
482
122
464
210
293
295
359
956
560
291
184
690
700
857
905
201
450
311
543
490
838
394
641
472
33
644
780
210
106
581
881
500
941
927
28
713
63
231
853
524
761
793
532
160
619
514
41
267
34
172
730
762
773
350
161
697
284
314
125
947
298
972
159
729
277
671
944
62
675
745
530
338
472
642
124
268
197
537
353
454
171
960
779
140
400
114
43
573
233
553
453
742
217
236
722
75
345
889
246
959
977
487
780
717
461
32
414
232
211
789
441
456
36
179
600
542
546
28
56
827
817
137
556
180
768
318
858
256
338
822
725
76
840
193
676
335
137
859
995
2
693
831
585
555
910
876
706
698
128
294
878
842
683
688
58
116
647
625
605
649
391
325
845
359
696
598
275
750
316
937
524
571
466
614
817
685
481
411
674
230
325
648
407
587
48
608
647
608
37
190
684
982
513
30
830
718
235
598
79
107
685
788
255
595
379
554
82
134
76
992
910
571
567
144
753
382
840
376
611
750
450
43
567
335
119
649
40
803
630
17
578
670
877
548
278
538
535
995
306
776
199
299
960
888
310
608
246
971
858
249
606
71
119
842
406
675
498
439
899
764
620
840
170
359
859
127
976
831
599
210
402
905
228
165
895
319
571
720
428
146
78
561
48
139
68
707
802
324
881
967
431
26
730
745
9
677
80
287
636
644
723
862
963
635
712
126
922
270
854
158
293
890
813
194
25
490
112
916
105
720
141
810
957
444
211
879
229
250
555
28
844
647
850
615
795
964
310
100
779
350
686
996
48
5
855
340
386
931
324
911
117
424
254
158
931
916
869
239
344
820
13
428
15
481
180
758
924
781
620
17
337
439
388
233
884
641
331
197
881
240
32
132
316
115
139
981
642
72
768
595
921
252
286
417
165
826
707
506
820
325
346
884
532
921
303
798
139
375
778
120
559
159
891
105
936
595
589
791
907
745
533
802
904
530
613
162
910
793
676
307
709
422
905
254
132
147
264
314
436
366
907
162
533
241
509
128
888
14
571
946
212
807
740
717
293
757
411
680
394
303
130
466
726
318
49
990
273
975
895
333
79
896
71
228
818
470
823
353
67
414
694
816
807
866
60
587
696
391
199
761
433
709
131
54
990
846
473
500
619
995
147
799
52
595
262
303
189
101
25
162
819
185
437
849
75
266
654
356
9
6
442
48
835
401
231
231
71
190
209
504
738
536
156
657
859
752
343
147
328
128
330
101
703
840
689
35
463
550
705
128
808
299
475
650
80
204
543
925
520
190
771
267
727
198
387
474
917
239
891
62
210
277
211
105
727
10
282
912
253
839
190
240
117
854
275
601
945
517
203
153
337
37
4
364
48
780
560
515
392
48
817
666
642
781
699
879
883
681
383
95
556
685
341
651
713
839
993
868
268
406
370
930
970
277
935
451
998
588
186
202
365
59
978
654
802
840
83
981
379
491
337
513
620
144
645
250
50
77
654
571
258
973
924
665
851
108
994
193
938
964
266
193
669
503
101
731
161
694
139
902
567
897
127
101
221
8
150
155
33
209
458
71
724
291
843
229
860
779
717
101
362
917
127
536
582
965
555
216
327
14
738
127
856
779
914
643
967
340
930
112
319
531
476
575
1000
936
588
654
326
730
585
695
528
263
50
438
833
685
651
437
436
513
704
2
564
833
729
699
602
173
542
329
242
691
957
67
328
988
650
364
327
984
718
576
594
785
643
570
135
255
38
34
992
640
190
566
692
642
13
678
934
507
109
940
356
457
252
844
475
726
539
552
624
919
107
423
786
237
769
303
647
851
76
960
332
272
836
323
529
912
77
227
835
150
237
475
428
485
658
745
576
703
559
497
426
797
689
692
159
641
85
626
744
304
228
478
158
636
305
170
737
697
178
843
777
342
94
461
209
246
343
458
369
744
503
479
691
3
735
384
600
758
734
997
252
567
367
397
935
619
822
466
37
710
444
332
601
595
337
283
597
637
882
679
117
103
723
403
293
273
230
578
831
852
884
800
978
176
4
299
32
380
98
195
758
478
642
280
905
156
181
788
543
138
259
417
756
308
58
404
622
231
29
898
939
387
33
345
410
787
596
154
879
48
638
342
515
187
717
583
963
10
332
520
607
117
99
759
446
625
677
242
216
852
861
512
540
634
395
874
20
480
934
402
973
791
434
282
603
371
252
215
341
645
283
416
637
758
898
570
555
588
699
910
362
466
398
669
154
299
210
322
496
383
523
329
179
977
805
551
768
920
936
162
673
285
556
874
161
436
95
25
443
935
573
559
564
287
415
392
597
588
47
250
206
279
435
537
960
246
560
150
505
376
936
24
957
121
463
689
923
344
3
380
606
904
2
733
541
420
401
786
518
750
658
984
270
305
221
634
539
437
298
237
990
868
757
639
27
387
36
882
883
562
341
667
604
471
715
976
159
784
411
498
163
697
658
942
488
717
769
74
814
663
108
439
383
643
311
697
778
281
633
871
449
290
470
463
598
654
696
457
337
957
982
720
613
148
152
540
644
891
681
859
976
540
405
1
756
839
917
661
242
740
105
231
246
312
158
191
810
900
720
807
371
865
217
724
548
793
963
585
435
322
890
532
281
652
326
405
933
174
304
844
979
204
322
538
112
67
44
51
833
160
356
51
845
558
933
559
945
822
548
581
843
860
743
718
889
87
566
522
954
793
839
333
149
80
485
225
104
349
712
556
324
427
891
444
488
970
50
352
914
628
778
960
997
239
294
48
952
669
846
920
307
120
531
992
280
818
745
187
727
300
619
993
769
357
710
866
546
853
431
775
633
643
622
315
778
316
399
770
62
957
606
864
928
539
795
533
964
296
814
16
931
721
861
498
258
414
148
429
412
617
44
277
341
266
303
933
744
763
163
140
803
16
381
241
738
249
688
981
857
435
662
697
190
763
941
752
710
29
102
638
766
788
35
921
645
403
534
798
441
443
490
727
663
182
196
940
335
804
441
599
751
123
815
677
351
396
772
978
876
371
492
924
433
248
953
779
219
460
355
55
628
806
531
178
426
455
98
239
841
178
623
804
966
520
521
796
549
546
138
712
342
345
493
415
219
995
689
235
334
46
293
6
744
882
6
149
477
642
160
348
518
164
514
715
727
217
589
359
834
422
766
267
291
892
841
704
918
150
608
754
862
41
901
190
215
360
813
913
798
521
477
171
384
441
33
836
16
615
83
829
237
424
488
570
739
391
993
470
1
184
185
807
971
829
522
764
680
48
22
749
671
370
938
770
133
43
205
679
722
83
626
134
238
232
545
789
534
489
733
161
923
227
530
715
197
994
757
354
227
106
809
249
742
206
151
907
447
656
997
69
262
187
794
58
533
486
353
940
356
569
564
618
590
989
931
341
908
159
998
279
392
813
527
86
261
781
819
269
989
786
18
909
187
71
29
386
34
641
199
584
717
520
551
608
353
303
318
93
536
917
892
716
463
571
167
939
770
582
367
705
335
591
747
879
112
545
952
61
869
274
12
56
729
198
550
595
548
121
256
923
113
596
111
608
640
130
130
104
415
603
10
526
277
584
841
739
719
455
286
956
78
82
127
309
104
963
368
435
958
283
724
632
39
260
120
523
875
899
688
118
707
338
989
436
358
396
364
258
823
386
469
101
757
878
825
533
83
679
141
217
585
444
335
27
474
780
639
493
801
102
56
132
685
20
567
604
804
781
715
820
767
122
501
995
611
601
954
2
40
945
798
188
413
454
116
997
251
158
643
175
800
618
787
538
759
849
33
356
55
841
775
583
33
255
407
291
630
306
305
68
952
331
219
989
568
439
729
972
728
504
437
224
401
448
144
113
704
528
930
950
997
801
527
485
396
577
931
807
487
400
79
89
324
443
379
259
235
488
246
698
99
827
45
688
421
409
728
103
56
35
363
338
271
773
364
309
768
383
912
590
303
180
579
275
794
90
743
494
206
969
612
231
458
943
50
776
818
739
619
375
255
544
924
631
429
989
317
152
589
939
911
80
180
526
821
610
300
583
798
422
561
441
947
401
663
100
292
695
74
263
464
798
805
504
228
637
7
264
59
348
436
547
47
878
672
742
927
388
913
740
289
700
829
514
778
890
937
353
868
741
811
460
87
94
275
563
452
324
758
536
205
619
411
712
929
583
778
179
423
219
1000
111
288
375
216
218
738
385
335
727
434
211
943
860
489
526
599
945
259
125
648
395
476
925
523
977
724
883
17
615
477
255
531
217
354
191
148
170
402
655
747
446
133
560
525
181
542
366
546
770
106
95
327
18
232
73
76
552
857
2
55
176
898
726
537
618
304
357
799
874
987
547
428
774
670
404
365
960
757
271
181
197
704
290
425
468
776
415
207
451
8
485
771
807
206
874
418
74
745
704
259
186
812
381
162
711
4
55
719
389
55
136
702
891
558
159
792
395
53
79
418
427
648
875
565
411
488
786
406
617
77
296
366
81
910
630
101
225
120
522
290
244
532
937
607
484
428
541
723
869
342
42
511
200
41
645
981
942
776
327
797
246
958
590
874
657
185
772
765
323
257
436
768
420
619
963
526
344
865
276
961
244
172
823
884
994
941
658
315
239
976
671
487
466
66
736
54
128
412
833
434
446
448
198
289
702
228
45
389
879
445
364
4
830
870
950
539
537
657
474
311
261
933
77
972
517
337
49
90
63
544
917
292
74
749
295
203
995
840
559
722
160
234
198
27
756
477
335
307
756
224
117
929
321
834
574
812
143
500
302
150
917
708
903
587
655
239
215
311
785
647
962
119
68
853
633
422
269
441
131
83
620
232
236
809
619
805
508
400
824
75
433
618
268
601
519
632
141
23
70
397
448
944
485
771
219
953
686
797
507
777
570
133
833
65
942
343
474
614
534
726
543
69
305
558
274
166
501
105
451
460
205
925
482
436
440
238
429
436
836
976
188
750
194
552
67
364
508
372
792
670
852
615
486
282
479
786
753
148
666
752
778
703
355
112
733
2
683
376
554
230
955
463
689
959
325
732
730
489
668
950
131
21
207
492
875
540
905
798
103
771
373
915
282
927
952
84
706
395
615
873
649
56
379
515
738
413
130
433
269
431
552
815
636
890
422
843
903
688
2
74
612
362
62
772
163
565
589
723
721
774
483
785
44
122
69
66
647
527
786
15
101
599
984
453
107
374
633
990
497
833
111
774
690
657
718
329
285
841
321
355
986
940
776
1000
801
963
984
37
919
126
547
902
842
496
714
34
160
976
985
620
627
869
738
811
863
801
332
428
87
2
364
758
597
101
829
934
721
68
709
797
340
905
752
351
916
115
424
708
834
609
469
484
691
716
850
775
477
578
512
508
674
552
863
691
1
104
522
443
107
20
290
160
116
969
974
448
947
471
490
845
987
824
621
400
594
551
39
476
66
644
411
840
191
21
889
361
232
206
47
608
233
124
705
463
808
830
407
418
830
141
678
724
361
46
521
87
280
342
898
168
983
365
187
762
283
726
442
426
744
70
373
179
641
243
322
651
95
407
250
246
663
189
222
145
589
411
330
257
125
312
874
629
235
448
387
977
801
246
219
525
578
697
83
206
844
730
971
491
779
493
551
50
580
934
281
588
887
158
215
62
777
246
647
778
648
539
24
253
96
714
75
746
893
334
233
567
858
729
414
126
242
287
135
784
686
25
176
749
358
400
193
878
619
647
826
750
468
390
964
