409
440
672
647
869
868
708
563
584
671
544
925
516
167
81
813
208
465
254
770
376
980
69
678
680
372
726
733
749
560
454
219
908
620
597
971
465
151
960
344
793
902
1
568
272
631
826
900
940
87
46
178
248
61
424
235
675
397
993
269
974
94
366
754
681
652
504
71
783
990
523
934
253
521
351
820
543
27
498
892
75
929
132
242
763
50
577
777
864
306
515
725
914
576
205
106
81
600
649
35
295
418
699
316
715
920
180
633
591
716
960
940
459
248
728
243
585
868
488
551
423
756
66
710
792
791
794
82
146
449
368
872
785
777
874
930
779
412
687
573
834
673
460
740
22
451
594
611
688
586
502
885
680
713
40
519
216
370
805
338
302
30
918
669
726
101
815
528
429
156
688
826
72
722
630
212
611
562
179
396
970
660
810
491
275
299
445
760
410
633
295
450
516
23
170
898
669
501
978
783
570
232
383
495
951
607
951
589
458
221
242
493
942
394
293
698
305
482
903
961
983
980
471
611
749
28
308
183
318
474
595
213
649
569
125
764
505
920
54
486
876
684
999
950
964
476
909
985
177
380
960
498
389
427
389
860
967
494
740
996
993
666
587
956
570
173
113
970
917
870
955
135
327
360
211
200
85
211
236
448
684
499
7
900
7
911
489
389
364
19
419
426
631
343
489
300
550
510
395
528
219
816
519
920
893
272
325
522
896
822
1
31
536
190
285
542
290
447
828
239
675
286
216
248
551
848
453
147
955
123
708
542
827
734
993
842
806
292
869
580
677
613
548
599
759
189
952
416
847
204
845
136
325
892
619
14
225
446
247
787
539
173
98
964
774
216
241
515
144
213
291
190
556
505
838
95
296
617
250
434
903
964
596
586
816
287
732
733
437
15
560
355
669
202
535
595
475
471
279
173
837
673
351
481
45
337
982
615
939
441
106
357
65
129
521
317
574
301
276
259
660
589
159
371
330
676
602
385
962
626
739
968
268
930
730
36
505
29
172
871
401
549
992
560
558
482
677
599
102
152
890
66
445
743
428
508
889
602
500
672
420
121
102
130
365
392
491
751
215
421
288
192
937
677
837
803
988
959
271
394
289
904
526
242
728
278
671
284
329
445
44
408
111
317
231
509
977
313
546
674
