372
844
220
392
407
917
695
263
274
801
221
562
379
237
190
633
101
456
863
875
102
958
567
656
346
614
229
449
597
708
384
930
101
1000
277
551
574
581
461
748
76
739
316
779
53
773
755
666
539
907
487
842
398
905
984
362
568
406
707
737
408
198
960
272
992
513
613
926
487
186
609
73
872
984
345
420
664
656
447
396
212
682
494
657
233
976
527
603
905
138
271
211
533
884
687
901
518
646
763
573
131
659
491
423
230
130
709
869
62
448
177
101
478
701
843
729
317
755
973
221
813
826
978
908
244
982
436
291
998
279
647
629
104
80
540
365
30
152
887
591
943
253
9
216
388
572
878
456
676
514
712
743
666
638
267
558
197
324
463
66
368
908
265
612
160
841
570
388
841
643
743
969
153
861
855
250
531
447
328
248
21
605
986
314
154
359
194
432
665
359
336
928
180
182
306
196
898
487
319
754
310
578
293
3
158
914
11
404
956
935
768
736
376
765
722
924
420
156
967
722
767
918
312
503
907
596
769
133
839
481
602
721
237
549
169
309
269
667
158
727
256
419
926
865
918
345
160
487
153
45
875
236
311
217
494
30
868
262
342
93
349
599
620
320
503
764
852
888
718
528
823
346
710
275
146
730
742
850
693
995
495
194
357
399
185
88
370
829
231
444
25
598
646
769
188
271
442
119
973
355
586
522
686
846
446
656
388
42
488
630
96
358
368
155
5
554
662
980
812
677
84
791
739
551
98
536
273
143
936
287
780
710
335
519
44
353
977
633
765
132
716
423
761
802
683
561
955
589
629
724
773
124
132
30
251
472
455
827
694
887
785
627
906
337
279
313
576
453
430
894
236
477
371
116
696
238
361
963
568
81
126
536
124
948
926
41
249
266
855
954
648
71
403
883
597
701
417
775
578
273
317
279
378
175
243
909
526
658
544
762
747
221
41
480
121
237
170
320
734
220
513
77
489
415
824
111
487
184
294
698
962
630
998
708
685
168
510
691
794
974
690
508
316
48
647
541
100
461
185
284
624
470
797
277
648
951
463
592
56
789
909
721
24
954
754
254
735
555
500
196
356
179
406
835
715
525
831
14
550
246
905
892
689
304
691
177
709
400
120
613
166
129
574
332
445
991
711
604
487
813
619
779
524
648
148
62
769
689
401
883
574
295
420
560
848
626
100
625
872
97
443
686
371
205
753
475
520
708
383
62
53
504
661
173
386
677
61
821
381
966
709
980
660
232
897
248
638
189
471
14
722
995
465
636
230
402
526
870
162
618
898
853
394
875
337
267
255
874
64
897
143
931
564
986
680
298
425
141
441
432
708
422
690
124
369
205
295
183
358
462
665
151
998
512
621
486
440
30
986
768
69
457
959
8
853
267
355
811
706
430
795
107
28
243
128
742
187
219
663
701
96
970
711
589
581
727
158
817
376
813
124
734
996
53
190
5
80
506
788
781
294
299
620
351
797
556
237
880
336
654
348
418
436
570
595
363
158
106
885
197
475
120
523
532
222
317
970
115
669
532
467
295
892
708
682
987
769
522
831
490
846
868
448
488
227
519
229
754
857
33
762
105
912
72
729
539
738
34
662
377
893
563
265
362
821
74
903
383
311
451
112
909
135
839
746
374
164
223
678
192
423
117
134
869
247
636
133
49
616
139
167
751
639
429
900
301
247
356
50
827
408
505
432
88
235
158
107
229
327
940
852
191
751
277
960
201
889
700
208
672
848
648
311
278
411
580
478
352
796
970
275
455
426
227
453
595
560
265
10
283
948
310
281
718
353
354
353
966
397
464
648
167
43
729
764
381
401
616
254
139
867
412
114
324
351
82
297
382
912
56
855
154
107
355
413
518
357
498
503
339
715
585
695
447
656
399
353
635
346
215
565
134
781
795
488
801
319
76
395
18
938
740
122
841
269
485
542
21
507
551
524
184
635
261
972
734
295
592
283
467
669
747
665
426
9
382
396
943
312
907
563
453
438
140
211
960
745
187
814
45
700
968
375
213
102
382
23
710
952
326
75
450
106
123
892
254
870
53
526
884
932
119
769
257
828
1000
835
512
767
637
60
717
447
285
400
523
138
916
473
599
468
769
706
242
849
712
501
242
535
72
878
914
698
406
598
382
141
913
161
880
416
91
424
854
108
191
328
57
457
749
97
543
297
703
463
650
403
192
829
95
321
784
141
168
442
778
481
162
24
85
901
528
155
190
971
886
964
292
734
911
851
851
519
72
817
298
787
634
655
165
362
668
702
988
314
934
452
698
2
783
45
646
456
608
64
957
843
327
142
742
114
565
726
341
515
793
252
569
500
234
645
78
742
201
229
260
85
349
561
942
130
812
621
803
305
585
839
800
874
608
386
613
276
580
180
955
478
2
208
685
276
643
261
764
152
550
606
400
454
467
752
206
679
969
247
381
80
610
96
208
976
778
592
359
949
203
852
814
415
307
375
428
938
668
8
437
1
187
153
521
342
426
929
267
851
55
875
890
797
915
532
588
675
731
505
286
243
762
70
885
718
237
896
200
159
965
77
163
471
737
39
118
284
746
308
820
229
789
537
156
552
116
226
964
653
285
19
81
120
201
11
56
395
167
228
320
761
879
972
157
972
903
119
71
432
97
258
409
14
739
881
387
362
982
410
976
973
103
648
816
924
385
234
295
606
857
977
652
186
833
813
252
455
309
329
644
323
233
530
962
21
89
708
709
90
591
629
648
779
466
520
948
613
257
147
723
360
451
369
517
489
866
177
662
793
428
221
950
339
825
724
24
218
176
433
332
752
482
882
621
136
36
609
11
533
681
310
74
280
710
11
546
343
941
415
453
704
347
500
20
18
625
593
754
189
951
88
615
213
500
249
918
955
631
349
463
411
370
668
470
143
777
360
59
338
95
567
840
830
842
253
198
47
74
503
1000
366
750
858
998
487
646
426
179
532
146
715
376
823
882
12
647
107
644
22
920
148
522
521
655
354
465
648
748
659
155
208
386
102
989
237
609
672
537
493
661
315
397
603
668
266
699
518
723
646
456
991
450
596
261
318
115
685
992
773
319
308
308
540
993
828
4
179
657
16
172
683
770
64
513
758
181
547
684
514
900
687
739
106
47
587
272
613
515
541
744
797
638
996
285
785
980
128
748
715
501
685
936
307
532
460
77
307
602
162
14
641
833
239
103
591
498
711
827
142
607
260
960
575
585
875
990
777
659
203
556
494
349
393
59
597
587
566
985
298
235
455
551
993
490
924
75
55
200
410
655
329
687
97
496
43
192
479
712
267
959
635
613
315
794
771
159
634
957
294
285
555
769
619
241
212
992
520
32
721
706
971
795
447
740
157
361
753
804
730
354
623
654
858
485
594
578
67
235
113
516
941
642
126
274
764
947
394
74
418
501
429
417
603
903
383
829
926
105
410
452
163
668
829
210
991
894
363
527
914
672
650
55
418
103
140
208
620
614
177
88
626
857
171
116
592
324
177
402
742
506
333
248
394
95
22
634
699
639
38
384
790
932
173
446
21
332
340
107
763
104
891
538
305
863
788
204
148
481
717
827
629
884
226
688
495
618
185
623
333
672
652
742
97
169
530
481
198
377
623
193
151
595
711
544
694
660
503
231
94
181
508
17
153
245
642
421
851
677
918
487
324
98
620
808
82
614
186
801
709
135
731
4
666
718
429
307
185
242
924
367
334
851
741
339
340
679
283
174
997
24
973
388
259
332
742
941
610
651
220
661
3
189
562
995
731
650
222
482
554
520
43
627
693
296
384
473
756
425
471
363
85
332
487
637
103
710
667
352
928
745
96
469
375
899
859
238
226
253
185
270
194
486
933
411
378
710
629
19
660
339
909
716
651
351
675
627
906
184
961
398
668
47
663
250
969
617
750
422
344
241
190
557
112
284
817
272
677
900
749
658
921
126
150
346
848
755
905
204
403
555
738
57
310
557
848
107
618
472
516
849
196
941
333
81
700
675
839
377
30
290
863
757
493
176
664
52
211
64
930
762
642
309
334
920
254
355
267
368
465
511
283
209
742
834
23
193
966
802
919
742
494
456
243
764
14
195
237
178
892
180
116
613
359
248
395
963
749
978
616
369
574
166
29
342
326
246
819
397
70
657
202
535
276
55
313
743
439
807
340
220
428
625
449
683
603
556
955
10
658
273
975
438
857
717
186
166
909
891
897
278
253
152
142
541
432
662
346
143
405
482
526
595
969
302
296
518
573
103
429
574
229
240
577
912
379
597
960
755
601
865
585
107
674
280
350
159
634
469
461
330
634
310
497
262
285
499
642
45
621
539
617
710
327
263
733
350
282
85
17
796
596
878
523
468
342
416
47
941
707
517
466
987
461
298
575
637
63
353
622
576
948
199
167
162
735
575
675
624
864
845
100
129
6
260
40
865
647
856
842
287
90
229
481
711
910
534
695
448
304
150
220
503
368
803
880
291
549
790
716
527
573
925
105
907
557
257
311
418
599
209
192
981
839
948
547
183
85
259
946
344
926
797
804
907
83
920
403
535
17
911
319
929
935
990
777
968
827
432
129
96
589
1
472
192
394
333
551
772
939
559
263
52
699
43
358
947
677
733
536
24
539
319
100
856
632
855
243
234
775
494
204
18
394
842
139
703
812
957
765
389
111
444
965
220
542
329
251
703
348
810
696
965
596
247
987
948
959
648
783
313
513
309
794
689
636
27
799
147
532
478
845
403
321
234
991
112
224
408
234
799
914
639
913
951
51
80
828
995
828
185
757
587
2
820
378
691
93
933
678
842
610
471
64
260
673
935
658
73
432
183
675
84
110
253
373
957
688
49
320
103
536
131
678
434
585
123
980
530
156
319
383
190
254
128
309
26
656
637
672
134
397
942
790
949
984
602
572
575
604
771
78
831
529
533
440
237
990
162
777
325
833
560
139
974
753
489
620
684
141
579
120
407
810
822
716
474
504
793
460
549
45
244
30
51
569
55
789
604
793
570
328
44
285
419
552
594
314
747
117
531
848
617
402
156
436
110
204
51
487
7
71
703
413
854
793
787
336
977
853
224
491
290
577
576
983
805
80
835
225
709
609
317
649
991
374
262
197
942
86
761
900
45
52
14
420
832
294
448
892
732
142
631
890
650
548
888
855
944
98
864
694
799
215
340
497
22
973
220
860
374
651
763
791
396
203
841
232
563
149
521
151
599
554
283
720
362
954
332
909
747
294
465
778
594
975
815
799
717
750
910
577
542
729
369
897
859
940
392
563
277
286
414
408
778
832
252
93
291
585
180
770
974
813
806
148
749
777
575
739
164
177
828
652
967
74
740
32
387
296
27
812
592
321
152
575
13
104
224
199
380
620
784
981
769
110
672
396
607
662
834
725
372
806
623
470
552
53
418
398
546
918
955
227
275
951
142
717
505
883
273
152
725
848
113
398
357
793
694
426
827
749
426
942
660
342
790
798
586
651
101
578
58
142
535
905
174
255
872
745
533
64
86
679
38
982
286
565
417
318
192
831
214
78
30
29
36
104
441
324
971
3
332
5
722
81
975
628
290
465
750
955
529
391
967
588
416
47
807
106
941
62
798
513
730
305
246
474
588
28
840
816
461
324
40
30
490
302
636
494
6
894
800
27
773
992
605
144
570
218
29
30
305
480
65
835
646
935
291
613
556
434
868
427
727
753
767
853
467
453
492
286
322
5
663
489
930
379
839
386
596
592
687
264
38
948
391
930
922
623
228
935
797
27
788
692
289
271
443
290
300
334
369
101
318
646
362
22
47
449
357
578
438
39
133
281
515
922
330
392
598
641
273
311
14
358
712
763
820
248
379
541
861
361
11
186
531
281
537
921
788
177
695
296
193
425
639
471
496
243
514
891
635
645
258
229
599
899
905
177
302
435
968
959
566
567
8
941
576
222
445
634
201
227
77
501
340
621
22
380
894
670
493
253
304
140
400
793
25
202
245
84
177
432
289
207
751
367
570
78
685
702
492
154
951
344
40
535
207
723
320
399
931
43
437
918
565
549
994
724
379
972
462
254
965
991
501
405
369
25
824
765
474
32
704
696
85
655
807
896
506
140
351
1
753
818
361
172
459
376
792
125
133
528
971
374
800
713
687
986
987
262
210
715
712
444
721
788
267
672
682
392
566
431
387
112
655
604
434
225
177
277
90
252
679
806
501
445
972
117
468
764
558
804
856
327
13
19
565
110
545
523
586
517
634
772
10
742
478
159
670
900
294
525
873
977
721
127
930
385
384
803
694
709
648
605
203
81
844
220
110
958
816
489
358
81
270
723
494
282
517
790
775
102
469
7
436
485
884
425
524
964
556
756
756
636
211
696
610
378
354
127
379
245
894
160
686
347
954
461
422
740
380
486
996
653
507
763
531
183
871
790
162
101
161
110
734
514
582
726
53
697
544
204
548
266
446
586
874
123
783
544
530
741
595
857
501
763
602
913
454
23
538
925
573
333
182
83
20
926
177
494
893
901
263
531
105
701
749
127
610
138
932
150
707
828
306
125
75
719
329
266
422
877
894
615
171
43
59
578
695
535
869
416
568
777
278
805
691
847
237
525
735
503
33
71
920
393
506
900
885
962
344
709
34
234
25
98
686
767
312
44
918
464
305
524
208
418
438
641
97
383
188
446
936
410
31
249
289
676
338
638
715
546
455
746
970
197
405
392
997
193
77
383
233
142
589
234
252
74
741
503
963
837
37
633
749
203
20
246
550
70
562
713
965
449
623
801
62
486
658
736
369
553
643
813
336
155
673
347
829
144
341
936
546
121
61
214
399
611
714
469
56
118
322
583
420
422
119
611
295
741
254
683
680
536
681
470
4
702
358
510
914
340
933
939
253
67
926
702
421
976
440
479
309
676
379
855
14
210
671
367
731
915
283
935
660
909
175
336
932
599
362
755
562
831
670
824
339
820
446
224
271
28
447
218
431
288
108
754
998
331
784
573
821
879
752
46
724
824
798
13
664
582
255
267
288
327
550
55
447
443
752
292
789
343
525
480
390
579
269
886
537
995
185
117
394
121
981
487
601
585
837
20
128
932
989
76
913
230
423
480
366
81
425
34
127
647
924
440
304
555
7
477
184
257
913
272
436
746
747
43
169
577
196
957
869
384
130
600
183
788
288
796
738
564
363
962
358
518
739
426
911
378
80
366
340
558
163
461
241
240
368
185
926
335
627
576
814
522
864
871
921
863
297
850
50
38
844
205
937
451
147
79
562
56
634
546
788
952
972
188
795
709
86
464
287
11
35
478
507
779
294
535
103
937
147
106
478
566
70
274
936
254
10
726
529
211
428
855
929
649
534
109
162
640
757
355
213
909
474
182
877
969
604
162
89
177
757
877
279
60
321
298
276
192
810
311
397
389
839
287
313
936
656
729
324
138
619
639
350
646
82
520
234
830
363
399
856
63
823
625
859
49
491
787
28
72
106
858
901
213
625
913
342
253
530
703
579
457
994
790
964
525
379
245
740
178
522
46
227
459
265
968
476
747
398
871
648
622
379
312
929
692
932
725
567
657
964
71
142
167
657
127
166
466
267
491
706
211
417
751
946
614
780
834
770
916
705
61
672
186
955
463
681
216
520
332
620
355
615
721
846
523
696
818
453
470
36
244
293
747
232
315
606
927
287
837
763
4
461
485
324
725
316
257
814
563
763
957
286
403
826
926
673
398
816
719
471
455
821
103
579
753
536
153
413
878
250
907
97
769
560
888
909
349
790
254
526
124
191
208
500
473
253
573
153
742
407
999
718
959
910
821
958
45
48
297
729
100
53
891
795
429
52
932
346
21
87
860
707
907
179
773
46
390
241
702
805
197
175
977
73
365
440
532
741
591
336
396
761
72
929
253
265
743
136
595
475
82
305
637
93
305
487
797
556
593
677
201
158
482
744
125
33
746
465
686
857
976
584
16
638
194
492
842
763
391
557
541
985
493
922
528
266
325
259
735
583
138
136
343
194
702
584
227
476
716
123
187
617
863
128
807
799
714
281
584
162
438
513
744
947
599
501
325
500
359
256
195
294
465
813
783
747
111
785
756
668
581
934
17
412
604
921
801
372
496
373
329
21
26
286
102
281
127
751
973
146
183
853
401
705
399
513
793
496
279
354
263
488
725
800
546
93
168
530
180
797
789
769
309
212
221
307
126
59
653
306
495
940
422
578
962
984
843
662
261
810
229
147
452
665
450
243
989
281
601
140
978
434
224
854
834
760
703
89
944
737
674
341
603
3
619
807
333
915
389
67
460
367
66
868
643
845
910
702
250
58
641
853
842
260
49
627
138
303
998
830
301
620
765
952
321
302
630
301
890
899
941
152
45
769
740
374
541
294
872
161
545
351
567
855
572
866
129
705
532
99
788
812
860
395
886
851
594
957
231
435
89
255
860
261
288
463
893
672
697
355
488
293
11
704
884
713
816
228
478
550
480
324
368
698
597
134
149
903
981
472
815
505
539
848
49
283
845
281
244
850
47
61
62
849
863
277
639
379
143
706
962
84
831
464
650
537
408
294
515
283
658
199
156
352
462
996
332
561
221
672
666
149
447
290
747
269
5
151
32
422
200
741
829
770
279
697
699
991
806
410
558
623
417
875
648
38
468
333
381
519
839
467
877
888
66
540
542
73
885
717
415
561
787
460
709
993
674
510
658
110
917
938
545
99
971
619
531
405
781
410
21
198
435
650
751
843
223
922
903
629
408
55
452
596
785
71
852
751
712
311
359
789
487
182
513
576
574
400
195
980
7
627
691
788
201
517
7
102
622
469
62
994
789
325
264
247
529
167
121
894
7
125
946
613
180
366
959
997
940
104
186
140
604
537
447
867
874
53
750
137
584
291
940
71
396
840
282
83
899
722
532
189
489
590
483
708
970
259
228
226
629
701
127
179
179
539
729
91
877
321
234
805
811
886
840
381
750
991
322
518
927
98
950
252
237
964
883
124
755
852
47
207
47
78
27
939
725
649
362
34
714
537
565
577
89
901
146
58
681
626
121
426
565
503
621
316
251
654
441
292
278
913
225
37
756
435
276
716
80
803
249
890
273
765
694
845
657
833
394
160
711
137
725
223
310
295
947
764
844
685
69
261
435
667
256
427
931
429
652
884
702
786
982
930
363
990
30
546
300
792
737
54
672
837
336
11
113
684
640
828
710
928
832
925
739
417
486
473
132
259
546
437
734
229
233
114
871
275
524
71
720
812
710
796
850
653
305
208
470
261
330
660
467
175
409
102
317
851
106
887
536
813
966
286
865
452
59
18
301
836
47
124
7
4
465
291
79
361
833
149
334
770
35
725
811
66
560
687
913
41
996
766
470
59
537
191
469
87
666
531
309
737
322
561
328
865
771
289
110
426
967
786
735
803
386
638
52
857
733
729
191
676
349
53
574
885
802
528
4
687
113
996
936
963
218
622
540
41
314
696
311
622
442
688
323
569
95
935
192
957
224
890
359
826
276
844
176
492
617
58
845
650
69
69
301
809
225
164
41
30
864
568
666
647
77
574
897
427
330
696
310
621
946
988
850
181
737
619
685
535
294
924
680
762
128
327
444
27
677
658
689
943
804
271
544
508
301
244
106
585
804
690
334
257
194
918
639
45
308
475
196
982
690
118
654
191
192
960
253
145
833
960
652
813
439
863
696
670
236
650
749
404
916
763
881
122
416
729
622
872
485
587
581
186
812
552
222
951
88
242
769
916
794
311
784
982
920
479
490
675
545
361
10
858
146
454
645
622
373
315
544
968
845
819
704
650
588
987
224
980
253
901
879
402
282
798
487
252
782
639
910
453
580
95
385
541
127
840
476
15
744
262
300
788
347
883
205
726
490
798
652
61
512
207
855
54
935
429
615
198
412
248
325
779
773
655
826
660
874
690
70
709
825
465
402
636
872
876
645
918
679
977
347
827
770
122
585
469
708
524
339
621
111
593
718
350
477
758
598
344
251
853
273
958
64
204
210
969
842
741
967
579
929
205
300
828
618
685
110
96
470
91
744
863
33
578
457
709
123
973
116
31
738
96
783
404
222
680
5
321
139
342
196
675
634
704
351
234
729
88
85
1000
943
219
768
190
177
723
295
783
295
485
948
83
735
36
447
838
745
404
913
150
954
624
42
864
266
620
724
60
925
371
246
164
766
379
730
249
999
932
598
119
962
629
207
476
491
671
729
132
163
40
680
296
399
449
299
346
519
480
28
474
880
495
785
421
891
963
334
1
499
726
352
410
170
358
227
800
101
619
942
311
156
172
434
909
667
763
142
7
635
661
486
261
417
267
439
449
958
676
132
628
830
8
924
434
889
238
658
33
349
111
84
781
786
929
221
831
637
893
131
817
237
921
706
588
977
343
863
850
920
604
597
92
295
66
67
118
703
223
764
766
100
532
701
32
431
358
635
749
501
88
443
895
870
638
144
239
846
300
97
71
648
757
280
272
278
37
380
774
810
880
495
743
600
880
25
239
922
891
187
967
603
906
869
977
156
108
409
614
2
560
797
945
630
991
117
201
315
440
615
330
28
161
117
20
715
773
134
659
171
808
773
942
439
829
121
184
105
169
491
498
964
701
700
454
738
776
196
989
559
715
372
563
324
403
45
110
461
210
494
699
243
542
138
744
818
952
223
251
876
119
233
289
941
379
461
896
925
202
454
902
313
846
171
168
514
21
79
836
700
39
184
847
280
604
177
527
467
220
352
298
477
565
856
310
755
936
888
486
62
276
210
283
961
274
845
689
798
119
635
174
682
29
436
279
580
962
634
899
731
727
835
293
301
803
201
190
80
30
333
57
637
86
168
933
40
749
681
822
529
649
978
717
38
795
795
483
823
360
405
778
336
187
848
357
355
441
29
714
971
468
605
823
522
873
880
194
700
177
743
576
138
412
291
207
16
337
259
636
71
231
2
238
628
463
183
992
31
240
411
51
869
442
591
850
670
723
819
332
479
78
319
414
441
358
606
470
249
271
142
993
238
622
786
966
566
732
16
784
337
111
572
984
596
760
563
121
720
646
768
994
528
122
242
112
175
825
108
481
215
830
908
426
851
965
268
34
494
624
908
237
434
46
886
682
594
615
409
932
624
962
199
141
616
831
31
366
386
765
291
601
548
165
403
496
590
772
344
131
373
317
802
469
561
421
811
159
150
278
402
36
22
677
664
187
429
340
286
953
44
976
109
805
496
740
325
73
752
476
759
327
314
906
723
218
878
533
954
585
472
477
965
960
635
649
636
630
737
705
992
800
964
180
826
916
457
939
521
415
784
124
408
544
509
872
381
835
161
989
540
511
617
253
834
456
566
581
898
581
691
295
283
987
115
712
