2
2
2
2
3
3
3
4
5
8
9
10
10
10
12
12
13
14
14
16
16
17
18
19
19
21
22
23
23
23
26
28
29
30
35
36
37
37
39
40
40
40
41
43
43
48
50
50
51
51
52
53
53
54
56
57
57
57
57
57
57
58
63
64
64
65
67
68
69
72
73
76
77
77
78
78
78
79
79
81
33
36
65
82
82
83
85
85
85
85
87
87
89
89
89
90
93
93
94
97
98
99
100
101
101
101
101
102
103
104
108
108
109
109
110
111
112
113
113
115
115
117
117
118
120
122
123
123
123
125
129
130
131
131
132
132
133
133
135
138
139
140
141
141
142
142
142
144
146
146
148
150
150
150
151
151
155
157
157
157
158
158
158
159
160
161
162
163
164
165
169
169
170
170
171
172
173
177
179
179
180
181
184
185
185
187
188
189
191
193
194
194
198
198
198
200
202
205
208
208
209
209
210
210
211
213
213
52
85
149
202
214
214
215
217
219
221
221
222
225
225
226
226
227
228
229
230
232
232
233
234
234
235
235
236
239
239
239
241
242
243
244
245
247
247
248
248
251
253
254
254
255
256
256
256
257
259
259
261
263
263
264
265
265
266
268
268
268
269
269
270
271
273
274
275
276
276
277
278
279
280
281
281
282
282
283
284
285
287
288
290
290
291
292
292
295
295
296
296
298
299
300
301
303
303
303
305
305
306
308
308
309
309
312
312
314
314
316
317
317
320
321
322
323
323
324
324
324
326
326
326
328
328
330
331
333
334
335
188
336
336
338
339
339
340
340
343
343
344
345
345
346
347
348
350
350
350
351
356
358
359
359
360
362
362
367
367
368
368
370
370
372
373
373
375
380
381
382
382
383
386
386
387
388
388
388
388
390
394
395
395
395
396
397
399
401
403
405
405
405
406
406
406
409
413
414
414
415
416
417
419
419
419
419
420
422
422
423
424
424
426
427
428
428
429
430
434
434
435
435
439
439
439
440
440
441
441
443
444
446
448
448
449
449
450
453
453
455
456
457
457
458
462
462
463
465
467
468
468
469
470
472
473
473
474
475
477
477
478
478
479
479
480
481
482
485
485
486
486
487
487
489
489
490
495
495
497
497
497
498
500
500
501
501
502
504
504
505
508
512
513
514
516
516
517
517
517
517
518
519
520
520
521
521
522
523
524
524
524
525
527
527
528
529
530
531
533
534
536
536
538
538
539
540
542
543
543
543
544
545
547
548
548
548
552
553
554
555
557
557
557
559
560
562
563
563
563
567
568
568
569
569
569
571
573
573
573
575
577
581
581
581
582
585
585
585
587
587
588
588
589
590
593
594
595
596
597
599
601
602
604
605
605
605
605
606
608
608
611
612
612
613
614
614
616
617
617
619
621
621
621
621
622
623
623
625
626
626
626
626
627
627
627
629
632
633
633
634
634
634
636
637
639
641
642
642
645
646
647
647
647
648
649
650
651
651
652
653
653
653
654
655
655
656
656
657
658
659
661
662
662
662
664
664
664
667
667
668
671
671
671
672
675
677
678
680
680
681
687
690
692
693
693
693
695
695
696
698
699
700
700
700
701
701
701
703
705
709
709
710
711
711
711
716
717
718
718
718
719
719
720
720
721
722
722
722
723
724
729
731
731
733
733
734
734
735
736
737
737
737
738
740
742
742
745
746
746
748
748
749
749
751
751
752
754
754
756
757
758
759
760
760
761
761
761
762
764
765
765
766
766
767
767
767
768
769
769
770
771
772
773
773
773
773
773
775
775
776
776
777
782
783
785
786
786
786
787
788
788
789
789
790
790
790
791
792
796
797
798
799
801
801
802
803
805
805
805
806
806
806
808
809
809
809
811
811
815
815
815
816
817
817
817
818
819
819
821
822
823
823
823
825
830
831
833
837
837
837
837
837
838
841
842
846
847
848
848
849
849
849
851
852
852
853
854
854
857
857
858
858
858
859
861
861
867
867
868
868
871
872
874
874
875
875
875
875
876
876
876
876
879
879
879
880
881
881
882
882
883
883
885
885
886
891
892
893
894
894
896
897
898
898
899
900
901
902
904
904
904
905
905
909
909
910
910
911
912
912
913
914
914
914
915
915
916
917
917
918
921
921
922
923
925
927
927
929
929
930
930
931
931
932
933
933
934
935
939
940
940
940
940
940
940
942
943
943
943
945
945
947
951
951
954
954
954
954
956
956
957
957
960
961
961
961
962
963
965
972
974
975
975
975
976
980
980
982
983
985
986
988
988
988
988
992
994
995
996
996
998
1000
